t[s](1)           t[s/mm2](2)       D[mm](3)          D2[mm2](4)        (D/D0)^2[-](5)    S[mm2](6)         V[mm3](7)         dD/dt[mm/s](8)    dD2/dt[mm2/s](9)  dS/dt[mm2/s](10)  Kv[kg/m2/s](11)   T[K](12)          VL[m/s](13)       VG[m/s](14)       WL_NC7H16(15)         WG_NC7H16(16)         dHev[W/m2](17)    QcondL[W/m2](18)  QcondG[W/m2](19)  Qrad[W/m2](20)    Qfiber[W/m2](21)  QBuoy[W/m2](22)   hBuoy[W/m2/K](23) QConv[W/m2](24)   hConv[W/m2/K](25) NC7H16(26)            O2(27)                H2O(28)               CO2(29)               CO(30)                N2(31)                
0.000000e+00      0.000000e+00      1.005000e+00      1.010025e+00      1.000000e+00      3.173087e+00      5.314921e-01      6.548078e-02      1.316164e-01      4.134850e-01      2.193961e-02      2.997000e+02      0.000000e+00      1.760000e-02      1.000000e+00          1.000000e-01          -8.000471e+03     -1.260130e+07     1.368195e+06      5.368134e+04      8.943577e+04      0.000000e+00      0.000000e+00      0.000000e+00      0.000000e+00      3.099901e-02          2.034902e-01          0.000000e+00          0.000000e+00          0.000000e+00          7.655108e-01          
1.357989e-09      1.344510e-09      1.005000e+00      1.010025e+00      1.000000e+00      3.173087e+00      5.314921e-01      -1.260765e+00     -2.534137e+00     -7.961226e+00     1.768314e-01      2.982365e+02      8.921293e-04      1.321338e-01      1.000000e+00          1.836123e-01          -6.463493e+04     -1.322946e+06     1.333573e+06      5.369925e+04      8.936876e+04      0.000000e+00      0.000000e+00      0.000000e+00      0.000000e+00      6.080689e-02          1.960785e-01          1.480499e-21          0.000000e+00          0.000000e+00          7.431146e-01          
1.487140e-08      1.472379e-08      1.005000e+00      1.010025e+00      1.000000e+00      3.173087e+00      5.314921e-01      -1.251623e+00     -2.515762e+00     -7.903500e+00     1.785132e-01      2.985051e+02      8.901401e-04      1.332762e-01      1.000000e+00          1.857570e-01          -6.522159e+04     -1.304697e+06     1.315916e+06      5.369621e+04      8.917599e+04      0.000000e+00      0.000000e+00      0.000000e+00      0.000000e+00      6.162538e-02          1.959032e-01          0.000000e+00          0.000000e+00          0.000000e+00          7.424714e-01          
8.254317e-08      8.172388e-08      1.005000e+00      1.010025e+00      1.000000e+00      3.173088e+00      5.314923e-01      -1.232039e+00     -2.476398e+00     -7.779835e+00     1.792104e-01      2.990267e+02      8.815438e-04      1.335671e-01      1.000000e+00          1.899674e-01          -6.542150e+04     -1.229027e+06     1.240456e+06      5.369022e+04      8.870065e+04      0.000000e+00      0.000000e+00      0.000000e+00      0.000000e+00      6.324085e-02          1.955813e-01          0.000000e+00          0.000000e+00          0.000000e+00          7.411779e-01          
3.127561e-07      3.096519e-07      1.005000e+00      1.010026e+00      1.000001e+00      3.173089e+00      5.314927e-01      -1.072190e+00     -2.155103e+00     -6.770454e+00     1.741349e-01      2.997246e+02      7.944058e-04      1.294721e-01      1.000000e+00          1.956969e-01          -6.349731e+04     -1.063742e+06     1.073292e+06      5.368200e+04      8.768047e+04      0.000000e+00      0.000000e+00      0.000000e+00      0.000000e+00      6.545771e-02          1.951855e-01          1.477164e-18          0.000000e+00          0.000000e+00          7.393568e-01          
9.849837e-07      9.752072e-07      1.005001e+00      1.010027e+00      1.000002e+00      3.173093e+00      5.314937e-01      -8.527179e-01     -1.713965e+00     -5.384579e+00     1.602677e-01      3.005119e+02      6.644235e-04      1.188205e-01      1.000000e+00          2.022947e-01          -5.836646e+04     -8.472715e+05     8.517578e+05      5.367238e+04      8.552827e+04      0.000000e+00      0.000000e+00      0.000000e+00      0.000000e+00      6.803708e-02          1.947623e-01          0.000000e+00          0.000000e+00          0.000000e+00          7.372006e-01          
2.583920e-06      2.558273e-06      1.005002e+00      1.010029e+00      1.000004e+00      3.173101e+00      5.314955e-01      -6.187782e-01     -1.243747e+00     -3.907346e+00     1.405583e-01      3.012595e+02      5.184661e-04      1.039101e-01      1.000000e+00          2.086890e-01          -5.112673e+04     -6.554100e+05     6.527219e+05      5.366312e+04      8.162511e+04      0.000000e+00      0.000000e+00      0.000000e+00      0.000000e+00      7.056413e-02          1.943469e-01          0.000000e+00          0.000000e+00          0.000000e+00          7.350890e-01          
4.083934e-06      4.043399e-06      1.005003e+00      1.010031e+00      1.000006e+00      3.173106e+00      5.314968e-01      -5.225466e-01     -1.050322e+00     -3.299683e+00     1.291214e-01      3.016291e+02      4.534573e-04      9.531519e-02      1.000000e+00          2.118978e-01          -4.693850e+04     -5.705587e+05     5.637105e+05      5.365799e+04      7.861696e+04      0.000000e+00      0.000000e+00      0.000000e+00      0.000000e+00      7.184240e-02          1.941246e-01          0.000000e+00          0.000000e+00          1.686416e-18          7.340330e-01          
8.077718e-06      7.997542e-06      1.005005e+00      1.010035e+00      1.000010e+00      3.173117e+00      5.314997e-01      -4.029435e-01     -8.099204e-01     -2.544440e+00     1.107060e-01      3.021892e+02      3.663868e-04      8.153461e-02      1.000000e+00          2.168192e-01          -4.020744e+04     -4.575257e+05     4.439827e+05      5.365142e+04      7.215979e+04      0.000000e+00      0.000000e+00      0.000000e+00      0.000000e+00      7.381606e-02          1.937539e-01          0.000000e+00          0.000000e+00          0.000000e+00          7.324301e-01          
1.827880e-05      1.809738e-05      1.005008e+00      1.010042e+00      1.000016e+00      3.173139e+00      5.315052e-01      -2.964033e-01     -5.957755e-01     -1.871684e+00     8.854474e-02      3.028819e+02      2.802242e-04      6.502193e-02      1.000000e+00          2.230040e-01          -3.212235e+04     -3.469876e+05     3.253946e+05      5.364272e+04      6.076578e+04      0.000000e+00      0.000000e+00      0.000000e+00      0.000000e+00      7.631918e-02          1.932297e-01          2.046360e-19          0.000000e+00          5.660244e-19          7.304511e-01          
3.932539e-05      3.893506e-05      1.005014e+00      1.010052e+00      1.000027e+00      3.173173e+00      5.315137e-01      -2.278426e-01     -4.579699e-01     -1.438755e+00     6.970169e-02      3.035850e+02      2.179297e-04      5.102640e-02      1.000000e+00          2.293940e-01          -2.525738e+04     -2.679193e+05     2.394869e+05      5.363386e+04      4.722881e+04      0.000000e+00      0.000000e+00      0.000000e+00      0.000000e+00      7.893243e-02          1.926296e-01          1.398464e-19          0.000000e+00          0.000000e+00          7.284379e-01          
5.601217e-05      5.545622e-05      1.005017e+00      1.010060e+00      1.000034e+00      3.173196e+00      5.315194e-01      -2.045013e-01     -4.110548e-01     -1.291367e+00     6.214244e-02      3.039446e+02      1.950124e-04      4.541832e-02      1.000000e+00          2.327045e-01          -2.250491e+04     -2.390409e+05     2.076703e+05      5.363479e+04      4.081543e+04      0.000000e+00      0.000000e+00      0.000000e+00      0.000000e+00      8.029733e-02          1.923035e-01          1.012319e-20          0.000000e+00          3.489037e-23          7.273992e-01          
1.010685e-04      1.000654e-04      1.005026e+00      1.010077e+00      1.000051e+00      3.173249e+00      5.315327e-01      -1.732387e-01     -3.482187e-01     -1.093961e+00     5.141833e-02      3.046267e+02      1.634233e-04      3.746070e-02      1.000000e+00          2.390632e-01          -1.860031e+04     -1.993806e+05     1.643168e+05      5.362119e+04      3.111371e+04      0.000000e+00      0.000000e+00      0.000000e+00      0.000000e+00      8.294069e-02          1.916634e-01          0.000000e+00          0.000000e+00          5.103504e-23          7.253960e-01          
2.018290e-04      1.998258e-04      1.005042e+00      1.010108e+00      1.000083e+00      3.173349e+00      5.315580e-01      -1.466702e-01     -2.948192e-01     -9.262019e-01     4.176594e-02      3.056258e+02      1.357803e-04      3.027997e-02      1.000000e+00          2.485613e-01          -1.508374e+04     -1.648459e+05     1.262727e+05      5.362117e+04      2.222317e+04      0.000000e+00      0.000000e+00      0.000000e+00      0.000000e+00      8.694308e-02          1.906933e-01          5.871401e-20          0.000000e+00          6.505447e-23          7.223636e-01          
3.962805e-04      3.923472e-04      1.005068e+00      1.010161e+00      1.000135e+00      3.173516e+00      5.315998e-01      -1.272819e-01     -2.558538e-01     -8.037886e-01     3.503282e-02      3.069137e+02      1.160858e-04      2.522887e-02      1.000000e+00          2.611242e-01          -1.262511e+04     -1.403324e+05     9.933383e+04      5.359181e+04      1.594264e+04      0.000000e+00      0.000000e+00      0.000000e+00      0.000000e+00      9.233905e-02          1.893986e-01          0.000000e+00          3.373049e-23          2.283355e-23          7.182624e-01          
7.290344e-04      7.217984e-04      1.005108e+00      1.010241e+00      1.000214e+00      3.173766e+00      5.316627e-01      -1.130138e-01     -2.271820e-01     -7.137133e-01     3.091187e-02      3.084629e+02      1.028578e-04      2.206929e-02      1.000000e+00          2.766987e-01          -1.111127e+04     -1.238951e+05     8.140779e+04      5.357016e+04      1.180043e+04      0.000000e+00      0.000000e+00      0.000000e+00      0.000000e+00      9.919542e-02          1.877742e-01          0.000000e+00          1.443858e-28          5.112974e-23          7.130304e-01          
9.691092e-04      9.594903e-04      1.005134e+00      1.010294e+00      1.000266e+00      3.173933e+00      5.317046e-01      -1.068699e-01     -2.148371e-01     -6.749307e-01     2.956206e-02      3.093509e+02      9.780513e-05      2.099490e-02      1.000000e+00          2.858494e-01          -1.061028e+04     -1.176194e+05     7.464288e+04      5.355973e+04      1.025600e+04      0.000000e+00      0.000000e+00      0.000000e+00      0.000000e+00      1.033128e-01          1.868072e-01          7.956317e-21          0.000000e+00          1.214022e-20          7.098799e-01          
1.756390e-03      1.738957e-03      1.005213e+00      1.010452e+00      1.000423e+00      3.174429e+00      5.318294e-01      -9.410216e-02     -1.891853e-01     -5.943433e-01     2.785867e-02      3.116361e+02      8.897451e-05      1.949957e-02      1.000000e+00          3.101161e-01          -9.960423e+03     -1.066556e+05     6.306168e+04      5.353026e+04      7.656268e+03      0.000000e+00      0.000000e+00      0.000000e+00      0.000000e+00      1.145650e-01          1.841874e-01          3.656487e-21          8.089612e-23          5.213921e-22          7.012476e-01          
3.305873e-03      3.273061e-03      1.005346e+00      1.010720e+00      1.000688e+00      3.175270e+00      5.320407e-01      -7.886690e-02     -1.585770e-01     -4.981843e-01     2.771532e-02      3.148726e+02      8.130503e-05      1.895626e-02      1.000000e+00          3.461448e-01          -9.854548e+03     -9.716269e+04     5.350839e+04      5.348857e+04      5.625822e+03      0.000000e+00      0.000000e+00      0.000000e+00      0.000000e+00      1.322223e-01          1.801208e-01          1.953306e-20          2.657024e-20          2.113334e-20          6.876569e-01          
6.181676e-03      6.120320e-03      1.005543e+00      1.011117e+00      1.001081e+00      3.176517e+00      5.323541e-01      -5.942153e-02     -1.195018e-01     -3.754260e-01     2.947779e-02      3.191145e+02      7.448456e-05      1.947275e-02      1.000000e+00          3.959571e-01          -1.040430e+04     -8.880585e+04     4.576745e+04      5.342676e+04      4.160500e+03      0.000000e+00      0.000000e+00      0.000000e+00      0.000000e+00      1.587111e-01          1.740835e-01          7.715794e-21          0.000000e+00          0.000000e+00          6.672054e-01          
1.042036e-02      1.031693e-02      1.005746e+00      1.011526e+00      1.001486e+00      3.177801e+00      5.326769e-01      -3.723978e-02     -7.490754e-02     -2.353290e-01     3.274805e-02      3.235847e+02      6.865175e-05      2.074014e-02      1.000000e+00          4.510003e-01          -1.146741e+04     -8.178890e+04     3.989074e+04      5.335527e+04      3.246862e+03      0.000000e+00      0.000000e+00      0.000000e+00      0.000000e+00      1.911980e-01          1.667512e-01          7.404338e-23          8.170161e-23          2.585785e-22          6.420508e-01          
1.465437e-02      1.450892e-02      1.005863e+00      1.011761e+00      1.001719e+00      3.178541e+00      5.328630e-01      -1.846195e-02     -3.714039e-02     -1.166800e-01     3.599622e-02      3.269840e+02      6.447506e-05      2.199606e-02      1.000000e+00          4.941172e-01          -1.252779e+04     -7.685858e+04     3.607335e+04      5.330783e+04      2.761535e+03      0.000000e+00      0.000000e+00      0.000000e+00      0.000000e+00      2.193881e-01          1.604407e-01          1.949842e-20          3.699213e-21          5.947350e-21          6.201711e-01          
2.665927e-02      2.639466e-02      1.005810e+00      1.011654e+00      1.001613e+00      3.178204e+00      5.327783e-01      2.553669e-02      5.137012e-02      1.613840e-01      4.435337e-02      3.337721e+02      5.593648e-05      2.500206e-02      1.000000e+00          5.818312e-01          -1.524399e+04     -6.700245e+04     2.905174e+04      5.320265e+04      2.068113e+03      0.000000e+00      0.000000e+00      0.000000e+00      0.000000e+00      2.858530e-01          1.457285e-01          4.334322e-20          0.000000e+00          1.351560e-21          5.684185e-01          
4.942389e-02      4.893333e-02      1.004474e+00      1.008969e+00      9.989540e-01      3.169768e+00      5.306584e-01      8.846649e-02      1.777246e-01      5.583384e-01      5.717200e-02      3.414312e+02      4.529684e-05      2.902761e-02      1.000000e+00          6.801969e-01          -1.936385e+04     -5.498214e+04     2.129876e+04      5.307787e+04      1.493631e+03      0.000000e+00      0.000000e+00      0.000000e+00      0.000000e+00      3.795376e-01          1.253463e-01          0.000000e+00          0.000000e+00          0.000000e+00          4.951162e-01          
7.780116e-02      7.702895e-02      1.001105e+00      1.002211e+00      9.922633e-01      3.148538e+00      5.253360e-01      1.460881e-01      2.924990e-01      9.189127e-01      6.951184e-02      3.470015e+02      3.670822e-05      3.244957e-02      1.000000e+00          7.492506e-01          -2.328536e+04     -4.529267e+04     1.564320e+04      5.298713e+04      1.141971e+03      0.000000e+00      0.000000e+00      0.000000e+00      0.000000e+00      4.621182e-01          1.076933e-01          0.000000e+00          6.443052e-24          4.564512e-24          4.301884e-01          
1.179683e-01      1.167974e-01      9.939781e-01      9.879926e-01      9.781862e-01      3.103870e+00      5.141965e-01      2.055783e-01      4.086806e-01      1.283908e+00      8.284520e-02      3.517039e+02      2.895491e-05      3.586882e-02      1.000000e+00          8.048906e-01          -2.748807e+04     -3.634341e+04     1.098672e+04      5.292274e+04      8.757899e+02      0.000000e+00      0.000000e+00      0.000000e+00      0.000000e+00      5.425116e-01          9.076938e-02          1.382207e-19          3.858691e-22          0.000000e+00          3.667190e-01          
1.791289e-01      1.773509e-01      9.793164e-01      9.590606e-01      9.495414e-01      3.012978e+00      4.917764e-01      2.700504e-01      5.289296e-01      1.661681e+00      9.798736e-02      3.557949e+02      2.180021e-05      3.962371e-02      1.000000e+00          8.508906e-01          -3.223694e+04     -2.773481e+04     7.218028e+03      5.286121e+04      6.691988e+02      0.000000e+00      0.000000e+00      0.000000e+00      0.000000e+00      6.212024e-01          7.444212e-02          2.064614e-19          0.000000e+00          8.889296e-21          3.043555e-01          
2.437489e-01      2.413296e-01      9.601871e-01      9.219593e-01      9.128084e-01      2.896421e+00      4.635176e-01      3.196458e-01      6.138396e-01      1.928434e+00      1.100896e-01      3.582980e+02      1.707988e-05      4.264892e-02      1.000000e+00          8.778069e-01          -3.602713e+04     -2.176783e+04     5.155323e+03      5.277572e+04      5.557193e+02      0.000000e+00      0.000000e+00      0.000000e+00      0.000000e+00      6.736377e-01          6.368751e-02          0.000000e+00          0.000000e+00          3.382776e-20          2.626748e-01          
2.980951e-01      2.951364e-01      9.418829e-01      8.871435e-01      8.783381e-01      2.787043e+00      4.375114e-01      3.529832e-01      6.649378e-01      2.088964e+00      1.184702e-01      3.596680e+02      1.430250e-05      4.481655e-02      1.000000e+00          8.921305e-01          -3.865628e+04     -1.810523e+04     4.139826e+03      5.277464e+04      4.984450e+02      0.000000e+00      0.000000e+00      0.000000e+00      0.000000e+00      7.037942e-01          5.754780e-02          5.343191e-21          0.000000e+00          0.000000e+00          2.386580e-01          
3.422992e-01      3.389017e-01      9.257563e-01      8.570248e-01      8.485184e-01      2.692423e+00      4.154213e-01      3.762564e-01      6.966435e-01      2.188570e+00      1.243932e-01      3.604763e+02      1.247098e-05      4.639674e-02      1.000000e+00          9.004424e-01          -4.051840e+04     -1.565278e+04     3.588943e+03      5.274673e+04      4.668291e+02      0.000000e+00      0.000000e+00      0.000000e+00      0.000000e+00      7.220822e-01          5.383985e-02          8.394962e-21          9.680199e-22          0.000000e+00          2.240779e-01          
3.865033e-01      3.826671e-01      9.086548e-01      8.256536e-01      8.174585e-01      2.593867e+00      3.928216e-01      3.971542e-01      7.217521e-01      2.267451e+00      1.297687e-01      3.610969e+02      1.090577e-05      4.787703e-02      1.000000e+00          9.067534e-01          -4.221271e+04     -1.354491e+04     3.195525e+03      5.273743e+04      4.445319e+02      0.000000e+00      0.000000e+00      0.000000e+00      0.000000e+00      7.363773e-01          5.094906e-02          2.530838e-20          3.178877e-22          0.000000e+00          2.126737e-01          
4.307074e-01      4.264324e-01      8.906736e-01      7.932994e-01      7.854256e-01      2.492224e+00      3.699596e-01      4.161274e-01      7.412674e-01      2.328760e+00      1.346844e-01      3.615730e+02      9.527299e-06      4.927557e-02      1.000000e+00          9.115533e-01          -4.376658e+04     -1.169461e+04     2.915325e+03      5.273085e+04      4.294607e+02      0.000000e+00      0.000000e+00      0.000000e+00      0.000000e+00      7.474952e-01          4.870474e-02          0.000000e+00          3.805413e-20          0.000000e+00          2.038001e-01          
4.749115e-01      4.701977e-01      8.718896e-01      7.601914e-01      7.526461e-01      2.388212e+00      3.470428e-01      4.335160e-01      7.559561e-01      2.374906e+00      1.392158e-01      3.619343e+02      8.290577e-06      5.060944e-02      1.000000e+00          9.151717e-01          -4.520359e+04     -1.004871e+04     2.719828e+03      5.272635e+04      4.204041e+02      0.000000e+00      0.000000e+00      0.000000e+00      0.000000e+00      7.560212e-01          4.698491e-02          0.000000e+00          0.000000e+00          0.000000e+00          1.969939e-01          
5.191155e-01      5.139631e-01      8.523675e-01      7.265304e-01      7.193192e-01      2.282462e+00      3.242495e-01      4.495599e-01      7.663804e-01      2.407655e+00      1.434184e-01      3.622014e+02      7.167777e-06      5.189125e-02      1.000000e+00          9.178350e-01          -4.654114e+04     -8.572054e+03     2.590637e+03      5.272336e+04      4.166185e+02      0.000000e+00      0.000000e+00      0.000000e+00      0.000000e+00      7.623778e-01          4.570300e-02          0.000000e+00          0.000000e+00          0.000000e+00          1.919192e-01          
5.661223e-01      5.605032e-01      8.308589e-01      6.903265e-01      6.834747e-01      2.168725e+00      3.003174e-01      4.654708e-01      7.734812e-01      2.429963e+00      1.476149e-01      3.623999e+02      6.081140e-06      5.322252e-02      1.000000e+00          9.198025e-01          -4.788225e+04     -7.154097e+03     2.512117e+03      5.272909e+04      4.184593e+02      0.000000e+00      0.000000e+00      0.000000e+00      0.000000e+00      7.671179e-01          4.474210e-02          0.000000e+00          0.000000e+00          0.000000e+00          1.881400e-01          
6.110149e-01      6.049503e-01      8.096516e-01      6.555357e-01      6.490292e-01      2.059426e+00      2.779029e-01      4.792663e-01      7.760775e-01      2.438119e+00      1.512579e-01      3.625118e+02      5.126246e-06      5.442709e-02      1.000000e+00          9.209182e-01          -4.905196e+04     -5.922776e+03     2.488234e+03      5.274179e+04      4.245448e+02      0.000000e+00      0.000000e+00      0.000000e+00      0.000000e+00      7.698232e-01          4.419204e-02          2.289666e-19          0.000000e+00          0.000000e+00          1.859848e-01          
6.566734e-01      6.501556e-01      7.874604e-01      6.200939e-01      6.139392e-01      1.948082e+00      2.556730e-01      4.923997e-01      7.754905e-01      2.436275e+00      1.547577e-01      3.625605e+02      4.246948e-06      5.563868e-02      1.000000e+00          9.213974e-01          -5.018160e+04     -4.859126e+03     2.510454e+03      5.270791e+04      4.387597e+02      0.000000e+00      0.000000e+00      0.000000e+00      0.000000e+00      7.709882e-01          4.394994e-02          2.297386e-19          2.885747e-20          1.213280e-21          1.850619e-01          
6.855364e-01      6.787321e-01      7.731241e-01      5.977209e-01      5.917882e-01      1.877796e+00      2.419615e-01      5.002357e-01      7.734885e-01      2.429986e+00      1.568469e-01      3.625555e+02      3.710503e-06      5.639526e-02      1.000000e+00          9.213445e-01          -5.085959e+04     -4.157722e+03     2.550650e+03      5.268700e+04      4.489628e+02      0.000000e+00      0.000000e+00      0.000000e+00      0.000000e+00      7.708584e-01          4.396643e-02          0.000000e+00          2.500631e-19          1.184594e-19          1.851752e-01          
7.198107e-01      7.126662e-01      7.558217e-01      5.712665e-01      5.655964e-01      1.794687e+00      2.260772e-01      5.093970e-01      7.700266e-01      2.419110e+00      1.593459e-01      3.625257e+02      3.164466e-06      5.732410e-02      1.000000e+00          9.210505e-01          -5.167329e+04     -3.460546e+03     2.616534e+03      5.268596e+04      4.655913e+02      0.000000e+00      0.000000e+00      0.000000e+00      0.000000e+00      7.701419e-01          4.410038e-02          0.000000e+00          0.000000e+00          8.063442e-21          1.857577e-01          
7.526569e-01      7.451864e-01      7.389580e-01      5.460589e-01      5.406390e-01      1.715495e+00      2.112798e-01      5.173411e-01      7.645868e-01      2.402020e+00      1.614541e-01      3.624673e+02      2.582156e-06      5.814272e-02      1.000000e+00          9.204731e-01          -5.236360e+04     -2.757309e+03     2.705509e+03      5.265311e+04      4.853798e+02      0.000000e+00      0.000000e+00      0.000000e+00      0.000000e+00      7.687381e-01          4.437150e-02          0.000000e+00          3.034786e-24          1.610467e-25          1.868904e-01          
7.781143e-01      7.703911e-01      7.257075e-01      5.266513e-01      5.214241e-01      1.654524e+00      2.001167e-01      5.235755e-01      7.599253e-01      2.387376e+00      1.631748e-01      3.624028e+02      2.223603e-06      5.882962e-02      1.000000e+00          9.198348e-01          -5.292911e+04     -2.302183e+03     2.790696e+03      5.268240e+04      5.035875e+02      0.000000e+00      0.000000e+00      0.000000e+00      0.000000e+00      7.671904e-01          4.467335e-02          2.949479e-19          0.000000e+00          6.780200e-20          1.881362e-01          
8.086217e-01      8.005958e-01      7.096242e-01      5.035665e-01      4.985683e-01      1.582001e+00      1.871043e-01      5.306719e-01      7.531552e-01      2.366107e+00      1.651339e-01      3.623023e+02      1.804083e-06      5.964211e-02      1.000000e+00          9.188386e-01          -5.357634e+04     -1.791163e+03     2.914754e+03      5.268152e+04      5.290461e+02      0.000000e+00      0.000000e+00      0.000000e+00      0.000000e+00      7.647834e-01          4.514513e-02          0.000000e+00          6.737978e-21          1.260502e-20          1.900714e-01          
8.266489e-01      8.184440e-01      7.000177e-01      4.900248e-01      4.851611e-01      1.539458e+00      1.796080e-01      5.347820e-01      7.487137e-01      2.352154e+00      1.662789e-01      3.622321e+02      1.571988e-06      6.013039e-02      1.000000e+00          9.181416e-01          -5.395606e+04     -1.486882e+03     2.999228e+03      5.268104e+04      5.461888e+02      0.000000e+00      0.000000e+00      0.000000e+00      0.000000e+00      7.631054e-01          4.547498e-02          5.319071e-20          3.045862e-20          8.095924e-20          1.914196e-01          
8.634231e-01      8.548532e-01      6.801808e-01      4.626459e-01      4.580540e-01      1.453445e+00      1.647676e-01      5.430710e-01      7.387730e-01      2.320924e+00      1.686071e-01      3.620684e+02      1.123725e-06      6.114935e-02      1.000000e+00          9.165128e-01          -5.473104e+04     -9.252139e+02     3.197277e+03      5.269408e+04      5.865393e+02      0.000000e+00      0.000000e+00      0.000000e+00      0.000000e+00      7.592030e-01          4.624385e-02          1.533333e-19          0.000000e+00          3.764078e-21          1.945532e-01          
9.011021e-01      8.921582e-01      6.595471e-01      4.350023e-01      4.306847e-01      1.366600e+00      1.502229e-01      5.512709e-01      7.271783e-01      2.284498e+00      1.709382e-01      3.618645e+02      7.050409e-07      6.221866e-02      1.000000e+00          9.144795e-01          -5.551234e+04     -3.897033e+02     3.443774e+03      5.269546e+04      6.362273e+02      0.000000e+00      0.000000e+00      0.000000e+00      0.000000e+00      7.543679e-01          4.719904e-02          4.322170e-21          0.000000e+00          1.545284e-19          1.984331e-01          
9.394949e-01      9.301699e-01      6.382071e-01      4.073084e-01      4.032656e-01      1.279597e+00      1.361080e-01      5.595057e-01      7.141610e-01      2.243603e+00      1.733145e-01      3.616219e+02      3.220530e-07      6.335448e-02      1.000000e+00          9.120506e-01          -5.631369e+04     1.121934e+02      3.744527e+03      5.269608e+04      6.970937e+02      0.000000e+00      0.000000e+00      0.000000e+00      0.000000e+00      7.486449e-01          4.833220e-02          0.000000e+00          5.491782e-20          5.677721e-20          2.030229e-01          
9.785621e-01      9.688494e-01      6.161680e-01      3.796631e-01      3.758947e-01      1.192747e+00      1.224887e-01      5.678775e-01      6.998160e-01      2.198537e+00      1.757695e-01      3.613392e+02      -2.335393e-08     6.457305e-02      1.000000e+00          9.092082e-01          -5.714640e+04     5.815310e+02      4.108909e+03      5.269672e+04      7.716646e+02      0.000000e+00      0.000000e+00      0.000000e+00      0.000000e+00      7.420195e-01          4.964682e-02          0.000000e+00          3.877080e-20          3.321131e-20          2.083337e-01          
1.018309e+00      1.008202e+00      5.934069e-01      3.521318e-01      3.486367e-01      1.106255e+00      1.094099e-01      5.765219e-01      6.842242e-01      2.149554e+00      1.783469e-01      3.610146e+02      -3.299808e-07     6.589551e-02      1.000000e+00          9.059281e-01          -5.802516e+04     1.020775e+03      4.549029e+03      5.269743e+04      8.632939e+02      0.000000e+00      0.000000e+00      0.000000e+00      0.000000e+00      7.344683e-01          5.114818e-02          0.000000e+00          1.215599e-19          0.000000e+00          2.143835e-01          
1.058779e+00      1.048270e+00      5.698726e-01      3.247548e-01      3.215315e-01      1.020247e+00      9.690184e-02      5.856152e-01      6.674522e-01      2.096863e+00      1.811035e-01      3.606456e+02      -5.965521e-07     6.734923e-02      1.000000e+00          9.021797e-01          -5.896902e+04     1.432704e+03      5.080521e+03      5.269835e+04      9.765322e+02      0.000000e+00      0.000000e+00      0.000000e+00      0.000000e+00      7.259601e-01          5.284331e-02          8.503400e-21          1.295501e-19          5.115096e-21          2.211966e-01          
1.097228e+00      1.086338e+00      5.471616e-01      2.993858e-01      2.964142e-01      9.405481e-01      8.577196e-02      5.944168e-01      6.504840e-01      2.043556e+00      1.837782e-01      3.602564e+02      -8.635510e-07     6.881180e-02      1.000000e+00          8.982019e-01          -5.989016e+04     1.854307e+03      5.679163e+03      5.261558e+04      1.107105e+03      0.000000e+00      0.000000e+00      0.000000e+00      0.000000e+00      7.170700e-01          5.461803e-02          1.774229e-19          1.187104e-28          3.510593e-21          2.283120e-01          
1.119373e+00      1.108262e+00      5.339306e-01      2.850819e-01      2.822523e-01      8.956112e-01      7.969904e-02      5.999753e-01      6.406904e-01      2.012788e+00      1.855281e-01      3.600155e+02      -9.346581e-07     6.976036e-02      1.000000e+00          8.957286e-01          -6.049178e+04     2.028844e+03      6.069728e+03      5.267667e+04      1.193640e+03      0.000000e+00      0.000000e+00      0.000000e+00      0.000000e+00      7.116125e-01          5.570932e-02          0.000000e+00          0.000000e+00          4.530091e-21          2.326781e-01          
1.158215e+00      1.146720e+00      5.103933e-01      2.605014e-01      2.579158e-01      8.183892e-01      6.961673e-02      6.102751e-01      6.229607e-01      1.957089e+00      1.887297e-01      3.595701e+02      -1.136869e-06     7.151822e-02      1.000000e+00          8.911296e-01          -6.159455e+04     2.413602e+03      6.844455e+03      5.259912e+04      1.372078e+03      0.000000e+00      0.000000e+00      0.000000e+00      0.000000e+00      7.016050e-01          5.771369e-02          3.373362e-19          0.000000e+00          2.875137e-20          2.406813e-01          
1.175390e+00      1.163724e+00      4.998634e-01      2.498635e-01      2.473834e-01      7.849692e-01      6.539623e-02      6.154186e-01      6.152505e-01      1.932866e+00      1.904101e-01      3.593609e+02      -1.102929e-06     7.241854e-02      1.000000e+00          8.889584e-01          -6.217086e+04     2.486926e+03      7.229263e+03      5.271894e+04      1.463097e+03      0.000000e+00      0.000000e+00      0.000000e+00      0.000000e+00      6.969428e-01          5.864914e-02          0.000000e+00          0.000000e+00          0.000000e+00          2.444080e-01          
1.217448e+00      1.205364e+00      4.736803e-01      2.243730e-01      2.221460e-01      7.048887e-01      5.564865e-02      6.285580e-01      5.954711e-01      1.870728e+00      1.945738e-01      3.588202e+02      -1.233103e-06     7.470088e-02      1.000000e+00          8.833161e-01          -6.360391e+04     2.872220e+03      8.296367e+03      5.270222e+04      1.724412e+03      0.000000e+00      0.000000e+00      0.000000e+00      0.000000e+00      6.850093e-01          6.104692e-02          6.821704e-19          7.127255e-18          8.856300e-20          2.539438e-01          
1.254439e+00      1.241988e+00      4.501595e-01      2.026436e-01      2.006322e-01      6.366235e-01      4.776369e-02      6.413974e-01      5.774623e-01      1.814151e+00      1.986418e-01      3.583022e+02      -1.365901e-06     7.695006e-02      1.000000e+00          8.778668e-01          -6.500551e+04     3.271611e+03      9.415741e+03      5.258941e+04      2.009815e+03      0.000000e+00      0.000000e+00      0.000000e+00      0.000000e+00      6.737278e-01          6.331870e-02          0.000000e+00          0.000000e+00          1.931525e-20          2.629535e-01          
1.267775e+00      1.255191e+00      4.415681e-01      1.949824e-01      1.930471e-01      6.125551e-01      4.508080e-02      6.464298e-01      5.708855e-01      1.793490e+00      2.002835e-01      3.581021e+02      -1.343394e-06     7.785475e-02      1.000000e+00          8.757508e-01          -6.557068e+04     3.368365e+03      9.871968e+03      5.260135e+04      2.128341e+03      0.000000e+00      0.000000e+00      0.000000e+00      0.000000e+00      6.694099e-01          6.418974e-02          1.344292e-21          4.552516e-20          0.000000e+00          2.664004e-01          
1.280617e+00      1.267906e+00      4.332292e-01      1.876875e-01      1.858247e-01      5.896378e-01      4.257472e-02      6.517548e-01      5.647184e-01      1.774115e+00      2.020165e-01      3.579109e+02      -1.317479e-06     7.878791e-02      1.000000e+00          8.737232e-01          -6.616495e+04     3.462766e+03      1.032990e+04      5.263590e+04      2.251593e+03      0.000000e+00      0.000000e+00      0.000000e+00      0.000000e+00      6.653049e-01          6.501850e-02          4.644270e-20          8.323165e-21          4.949378e-20          2.696766e-01          
1.307801e+00      1.294820e+00      4.153276e-01      1.724970e-01      1.707849e-01      5.419154e-01      3.751207e-02      6.641759e-01      5.517012e-01      1.733220e+00      2.060124e-01      3.574998e+02      -1.319210e-06     8.091723e-02      1.000000e+00          8.693438e-01          -6.753265e+04     3.736428e+03      1.138000e+04      5.269435e+04      2.546236e+03      0.000000e+00      0.000000e+00      0.000000e+00      0.000000e+00      6.565450e-01          6.678897e-02          0.000000e+00          0.000000e+00          8.362176e-20          2.766660e-01          
1.333216e+00      1.319983e+00      3.982791e-01      1.586262e-01      1.570518e-01      4.983390e-01      3.307967e-02      6.767316e-01      5.390561e-01      1.693495e+00      2.100487e-01      3.570868e+02      -1.331771e-06     8.308959e-02      1.000000e+00          8.649193e-01          -6.891605e+04     4.043700e+03      1.250408e+04      5.264977e+04      2.870568e+03      0.000000e+00      0.000000e+00      0.000000e+00      0.000000e+00      6.478397e-01          6.855114e-02          6.770585e-20          0.000000e+00          0.000000e+00          2.836092e-01          
1.348663e+00      1.335277e+00      3.877518e-01      1.503515e-01      1.488592e-01      4.723431e-01      3.052531e-02      6.852552e-01      5.314179e-01      1.669498e+00      2.127995e-01      3.568282e+02      -1.316036e-06     8.455160e-02      1.000000e+00          8.621337e-01          -6.985678e+04     4.231962e+03      1.325656e+04      5.265004e+04      3.095437e+03      0.000000e+00      0.000000e+00      0.000000e+00      0.000000e+00      6.424322e-01          6.964727e-02          2.197938e-19          0.000000e+00          0.000000e+00          2.879205e-01          
1.375348e+00      1.361697e+00      3.692192e-01      1.363228e-01      1.349698e-01      4.282708e-01      2.635430e-02      7.017274e-01      5.181825e-01      1.627918e+00      2.180595e-01      3.563698e+02      -1.361914e-06     8.732281e-02      1.000000e+00          8.571727e-01          -7.165281e+04     4.657673e+03      1.469157e+04      5.257642e+04      3.544239e+03      0.000000e+00      0.000000e+00      0.000000e+00      0.000000e+00      6.329382e-01          7.157416e-02          4.138473e-20          1.378333e-21          0.000000e+00          2.954877e-01          
1.393482e+00      1.379651e+00      3.563652e-01      1.269962e-01      1.257357e-01      3.989703e-01      2.369652e-02      7.146083e-01      5.093231e-01      1.600086e+00      2.222515e-01      3.560485e+02      -1.259380e-06     8.948971e-02      1.000000e+00          8.536783e-01          -7.307971e+04     4.904919e+03      1.578034e+04      5.269397e+04      3.902009e+03      0.000000e+00      0.000000e+00      0.000000e+00      0.000000e+00      6.263539e-01          7.291255e-02          0.000000e+00          4.610011e-20          5.493268e-20          3.007335e-01          
1.410339e+00      1.396340e+00      3.441966e-01      1.184713e-01      1.172954e-01      3.721886e-01      2.135101e-02      7.272504e-01      5.006343e-01      1.572789e+00      2.263118e-01      3.557304e+02      -1.252415e-06     9.161873e-02      1.000000e+00          8.502003e-01          -7.446458e+04     5.207840e+03      1.691197e+04      5.259688e+04      4.278434e+03      0.000000e+00      0.000000e+00      0.000000e+00      0.000000e+00      6.198831e-01          7.422932e-02          4.443405e-20          4.096940e-21          1.205181e-19          3.058876e-01          
1.433894e+00      1.419662e+00      3.268027e-01      1.068000e-01      1.057399e-01      3.355221e-01      1.827492e-02      7.480290e-01      4.889157e-01      1.535974e+00      2.329899e-01      3.552834e+02      -1.203025e-06     9.503922e-02      1.000000e+00          8.452902e-01          -7.673386e+04     5.721790e+03      1.865713e+04      5.265771e+04      4.901478e+03      0.000000e+00      0.000000e+00      0.000000e+00      0.000000e+00      6.108854e-01          7.606292e-02          0.000000e+00          0.000000e+00          2.524683e-20          3.130517e-01          
1.443797e+00      1.429467e+00      3.193326e-01      1.019733e-01      1.009612e-01      3.203587e-01      1.705016e-02      7.574860e-01      4.837800e-01      1.519840e+00      2.359886e-01      3.550813e+02      -1.249069e-06     9.659187e-02      1.000000e+00          8.430597e-01          -7.775438e+04     6.050842e+03      1.948537e+04      5.256887e+04      5.208084e+03      0.000000e+00      0.000000e+00      0.000000e+00      0.000000e+00      6.068501e-01          7.688604e-02          8.746403e-21          0.000000e+00          1.746743e-25          3.162639e-01          
1.458867e+00      1.444387e+00      3.077861e-01      9.473227e-02      9.379200e-02      2.976102e-01      1.526671e-02      7.733370e-01      4.760447e-01      1.495539e+00      2.410804e-01      3.547773e+02      -1.207718e-06     9.918303e-02      1.000000e+00          8.396949e-01          -7.948258e+04     6.427595e+03      2.082160e+04      5.261209e+04      5.705090e+03      0.000000e+00      0.000000e+00      0.000000e+00      0.000000e+00      6.008232e-01          7.811654e-02          2.709421e-20          4.894860e-21          8.834081e-21          3.210603e-01          
1.477033e+00      1.462373e+00      2.935050e-01      8.614517e-02      8.529013e-02      2.706330e-01      1.323869e-02      7.952579e-01      4.668243e-01      1.466572e+00      2.481069e-01      3.544008e+02      -1.159975e-06     1.027222e-01      1.000000e+00          8.355076e-01          -8.186347e+04     6.998441e+03      2.261512e+04      5.256543e+04      6.415824e+03      0.000000e+00      0.000000e+00      0.000000e+00      0.000000e+00      5.934229e-01          7.962918e-02          2.913215e-20          0.000000e+00          0.000000e+00          3.269479e-01          
1.492240e+00      1.477428e+00      2.812348e-01      7.909302e-02      7.830798e-02      2.484780e-01      1.164678e-02      8.159692e-01      4.589579e-01      1.441859e+00      2.547505e-01      3.540713e+02      -1.102028e-06     1.060573e-01      1.000000e+00          8.318258e-01          -8.411329e+04     7.539411e+03      2.430897e+04      5.257826e+04      7.114464e+03      0.000000e+00      0.000000e+00      0.000000e+00      0.000000e+00      5.870056e-01          8.094262e-02          0.000000e+00          0.000000e+00          7.882538e-21          3.320518e-01          
1.507780e+00      1.492814e+00      2.683481e-01      7.201073e-02      7.129599e-02      2.262284e-01      1.011799e-02      8.402154e-01      4.509405e-01      1.416671e+00      2.625557e-01      3.537263e+02      -9.769893e-07     1.099392e-01      1.000000e+00          8.279545e-01          -8.675267e+04     8.160570e+03      2.624152e+04      5.269362e+04      7.950485e+03      0.000000e+00      0.000000e+00      0.000000e+00      0.000000e+00      5.803466e-01          8.230704e-02          4.117728e-19          1.268048e-20          0.000000e+00          3.373464e-01          
1.536815e+00      1.521562e+00      2.431203e-01      5.910750e-02      5.852083e-02      1.856917e-01      7.524237e-03      8.960315e-01      4.356870e-01      1.368751e+00      2.804084e-01      3.530502e+02      -8.402252e-07     1.187439e-01      1.000000e+00          8.203180e-01          -9.278152e+04     9.729788e+03      3.057657e+04      5.281941e+04      9.964699e+03      0.000000e+00      0.000000e+00      0.000000e+00      0.000000e+00      5.674703e-01          8.494915e-02          2.355989e-20          3.168148e-20          2.612339e-20          3.475805e-01          
1.578098e+00      1.562434e+00      2.039242e-01      4.158508e-02      4.117232e-02      1.306434e-01      4.440224e-03      1.011540e+00      4.125550e-01      1.296080e+00      3.170842e-01      3.519694e+02      -9.199176e-07     1.366939e-01      1.000000e+00          8.079784e-01          -1.051512e+05     1.364156e+04      3.933708e+04      5.256135e+04      1.454891e+04      0.000000e+00      0.000000e+00      0.000000e+00      0.000000e+00      5.473624e-01          8.908505e-02          0.000000e+00          1.496159e-20          7.843289e-23          3.635526e-01          
1.587153e+00      1.571399e+00      1.946127e-01      3.787410e-02      3.749818e-02      1.189850e-01      3.859331e-03      1.045353e+00      4.068780e-01      1.278245e+00      3.279701e-01      3.516939e+02      -7.081734e-07     1.420275e-01      1.000000e+00          8.048081e-01          -1.088229e+05     1.467987e+04      4.194541e+04      5.269667e+04      1.601187e+04      0.000000e+00      0.000000e+00      0.000000e+00      0.000000e+00      5.423300e-01          9.012318e-02          0.000000e+00          8.688328e-23          1.585134e-22          3.675468e-01          
1.610684e+00      1.594697e+00      1.686284e-01      2.843555e-02      2.815332e-02      8.933292e-02      2.510679e-03      1.163937e+00      3.925457e-01      1.233219e+00      3.657162e-01      3.509720e+02      -5.469923e-07     1.602530e-01      1.000000e+00          7.964495e-01          -1.215272e+05     1.876950e+04      5.043727e+04      5.275428e+04      2.124417e+04      0.000000e+00      0.000000e+00      0.000000e+00      0.000000e+00      5.293143e-01          9.280966e-02          3.722433e-20          4.480694e-23          5.855853e-23          3.778761e-01          
1.621728e+00      1.605632e+00      1.553658e-01      2.413853e-02      2.389894e-02      7.583341e-02      1.963653e-03      1.239253e+00      3.850750e-01      1.209749e+00      3.896281e-01      3.505876e+02      -5.396034e-07     1.718010e-01      1.000000e+00          7.919706e-01          -1.295749e+05     2.163071e+04      5.579790e+04      5.258218e+04      2.479982e+04      0.000000e+00      0.000000e+00      0.000000e+00      0.000000e+00      5.224862e-01          9.422112e-02          4.354402e-21          4.668692e-23          3.553696e-23          3.832927e-01          
1.630610e+00      1.614426e+00      1.439917e-01      2.073362e-02      2.052783e-02      6.513658e-02      1.563188e-03      1.315602e+00      3.788715e-01      1.190260e+00      4.139151e-01      3.502621e+02      -4.380353e-07     1.834748e-01      1.000000e+00          7.881629e-01          -1.377434e+05     2.454123e+04      6.107867e+04      5.266930e+04      2.851816e+04      0.000000e+00      0.000000e+00      0.000000e+00      0.000000e+00      5.167598e-01          9.540621e-02          0.000000e+00          1.607216e-20          1.058397e-19          3.878340e-01          
1.647679e+00      1.631325e+00      1.198741e-01      1.436980e-02      1.422718e-02      4.514407e-02      9.019343e-04      1.524200e+00      3.654243e-01      1.148014e+00      4.800503e-01      3.495495e+02      -4.965318e-07     2.152475e-01      1.000000e+00          7.797803e-01          -1.599840e+05     3.293315e+04      7.524651e+04      5.260761e+04      3.930851e+04      0.000000e+00      0.000000e+00      0.000000e+00      0.000000e+00      5.043991e-01          9.796719e-02          1.299035e-19          0.000000e+00          1.469953e-23          3.976337e-01          
1.654139e+00      1.637721e+00      1.096273e-01      1.201815e-02      1.189887e-02      3.775614e-02      6.898507e-04      1.640659e+00      3.597222e-01      1.130101e+00      5.170818e-01      3.492430e+02      -3.415017e-07     2.329936e-01      1.000000e+00          7.761550e-01          -1.724326e+05     3.754694e+04      8.291758e+04      5.266664e+04      4.565250e+04      0.000000e+00      0.000000e+00      0.000000e+00      0.000000e+00      4.991558e-01          9.905563e-02          0.000000e+00          0.000000e+00          4.635910e-20          4.017886e-01          
