<?xml version="1.0" encoding="utf-8"?>
<opensmoke version="0.1a">
<Type> HomogeneousReactor </Type>
<additional>
9
time [s] 2
temperature [K] 3
pressure [Pa] 4
mol-weight [kg/kmol] 5
density [kg/m3] 6
heat-release [W/m3] 7
velocity [m/s] 8
axial-coordinate [m] 9
laboratory-time [s] 10
</additional>
<t-p-mw>
1 2 3
</t-p-mw>
<mass-fractions>
6
O2 3.19979992e+01 11
N2 2.80139999e+01 12
NO 3.00059996e+01 13
N 1.40070000e+01 14
O 1.59989996e+01 15
AR 3.99480019e+01 16
</mass-fractions>
<profiles>
0.00000000e+00 3.46329726e+03 5.31466326e+04 2.89600317e+01 5.34503875e-02 -5.73683948e+07 4.10982039e+02 0.00000000e+00 0.00000000e+00 2.314548873629e-01 7.556613443627e-01 0.000000000000e+00 0.000000000000e+00 0.000000000000e+00 1.288376827436e-02 
1.744854336496e-12 3.463300723647e+03 5.314687481129e+04 2.896003167778e+01 5.345057761594e-02 -5.736972975949e+07 4.109710144928e+02 7.170924552270e-10 2.561029154192e-13 2.314548872084e-01 7.556613443116e-01 1.093852017671e-10 1.106029749380e-16 9.623845207279e-11 1.288376827436e-02 
3.558565080461e-11 3.463315590381e+03 5.314791585688e+04 2.896003162885e+01 5.345139507213e-02 -5.737546617349e+07 4.109236227777e+02 1.462399609498e-08 5.222781717750e-12 2.314548842106e-01 7.556613433213e-01 2.230964031803e-09 2.296356282622e-15 1.962829503612e-09 1.288376827436e-02 
2.508015817730e-10 3.463353828836e+03 5.315060088130e+04 2.896003131766e+01 5.345350467390e-02 -5.739025231323e+07 4.108014034298e+02 1.030465455610e-07 3.680232384595e-11 2.314548651423e-01 7.556613370218e-01 1.572579458907e-08 1.891151012822e-14 1.383573680210e-08 1.288376827436e-02 
5.943291721911e-10 3.463381489241e+03 5.315255404804e+04 2.896003082085e+01 5.345504113090e-02 -5.740099338108e+07 4.107124439242e+02 2.441573946133e-07 8.720068306954e-11 2.314548347009e-01 7.556613269650e-01 3.726951040167e-08 5.201175642563e-14 3.279012448013e-08 1.288376827436e-02 
2.350169086296e-09 3.463450181403e+03 5.315745665626e+04 2.896002828072e+01 5.345890665491e-02 -5.742788188523e+07 4.104890778904e+02 9.650688673013e-07 3.446676860670e-10 2.314546790566e-01 7.556612755450e-01 1.474213151370e-07 4.112404103884e-13 1.297022796520e-07 1.288376827436e-02 
7.615929766878e-09 3.463564609674e+03 5.316575883854e+04 2.896002065878e+01 5.346547541031e-02 -5.747322902939e+07 4.101106055573e+02 3.125449519311e-06 1.116197740135e-09 2.314542120272e-01 7.556611212501e-01 4.779483160772e-07 3.164957388593e-12 4.204968476524e-07 1.288376827436e-02 
1.976094410246e-08 3.463717455954e+03 5.317714435233e+04 2.896000306515e+01 5.347453280241e-02 -5.753498781502e+07 4.095910626003e+02 8.102423711754e-06 2.893532616969e-09 2.314531339896e-01 7.556607650742e-01 1.240919589475e-06 1.899168213796e-11 1.091723218322e-06 1.288376827436e-02 
4.857357266417e-08 3.463949043924e+03 5.319500006446e+04 2.895996128110e+01 5.348883486854e-02 -5.763089177595e+07 4.087750081671e+02 1.989103949352e-05 7.103423110381e-09 2.314505736860e-01 7.556599190767e-01 3.053054425851e-06 9.992128578730e-11 2.685808565472e-06 1.288376827436e-02 
1.063069776170e-07 3.464234517021e+03 5.321830269116e+04 2.895987742867e+01 5.350770156039e-02 -5.775372577975e+07 4.077077330526e+02 4.345798406597e-05 1.551947251910e-08 2.314454355163e-01 7.556582209017e-01 6.690226903749e-06 4.186855223389e-10 5.884662118206e-06 1.288376827436e-02 
2.127087493721e-07 3.464555347643e+03 5.324691147950e+04 2.895972260943e+01 5.353122206867e-02 -5.789971087596e+07 4.063934956688e+02 8.676467850177e-05 3.098356035813e-08 2.314359478661e-01 7.556550840319e-01 1.340802346798e-05 1.376362494315e-09 1.179042782616e-05 1.288376827436e-02 
2.677463782969e-07 3.464687717313e+03 5.325936685574e+04 2.895964241902e+01 5.354155003293e-02 -5.796190150811e+07 4.058206833124e+02 1.091140441060e-04 3.896355868198e-08 2.314310329859e-01 7.556534584734e-01 1.688899896359e-05 1.992374071382e-09 1.484927501361e-05 1.288376827436e-02 
3.961675124547e-07 3.464934131398e+03 5.328407447627e+04 2.895945509016e+01 5.356223262999e-02 -5.808237671184e+07 4.046821830676e+02 1.611542845236e-04 5.754487757887e-08 2.314195496867e-01 7.556496591534e-01 2.502451501334e-05 3.599435093170e-09 2.199477108120e-05 1.288376827436e-02 
6.897015333868e-07 3.465321629658e+03 5.332830622194e+04 2.895902601943e+01 5.359990672289e-02 -5.828875257684e+07 4.026371540262e+02 2.796280366964e-04 9.984716124775e-08 2.313932360244e-01 7.556409464002e-01 4.368042507691e-05 7.649869164365e-09 3.836122613459e-05 1.288376827436e-02 
1.208307072463e-06 3.465727942301e+03 5.338709742099e+04 2.895826589181e+01 5.365129821124e-02 -5.854511546350e+07 3.999051814501e+02 4.876980392499e-04 1.741422344091e-07 2.313465779481e-01 7.556254752294e-01 7.680706734163e-05 1.508395216767e-08 6.735639688050e-05 1.288376827436e-02 
2.091709481419e-06 3.466057824051e+03 5.346211348847e+04 2.895696733336e+01 5.371916307907e-02 -5.884143629743e+07 3.963956866456e+02 8.393517818375e-04 2.997093586713e-07 2.312667454534e-01 7.555989390409e-01 1.336258554783e-04 2.788464795117e-08 1.168934912928e-04 1.288376827436e-02 
3.447393005117e-06 3.466167400274e+03 5.354980227859e+04 2.895496963633e+01 5.380186050504e-02 -5.914201053406e+07 3.922593973860e+02 1.373819538540e-03 4.905595713266e-07 2.311436247429e-01 7.555578547382e-01 2.215948473315e-04 4.767739138079e-08 1.931097198277e-04 1.288376827436e-02 
5.461908329676e-06 3.465906575869e+03 5.365087720805e+04 2.895199695734e+01 5.390193321498e-02 -5.942280336540e+07 3.874450753037e+02 2.159004120514e-03 7.709428709772e-07 2.309597265489e-01 7.554961334469e-01 3.537516427349e-04 7.729849600088e-08 3.065427885576e-04 1.288376827436e-02 
8.372309794281e-06 3.465080128876e+03 5.376586093223e+04 2.894770410977e+01 5.402232722699e-02 -5.965028461308e+07 3.819056389998e+02 3.278292635548e-03 1.170638424817e-06 2.306927056823e-01 7.554057647180e-01 5.472486118030e-04 1.203566126818e-07 4.703923569723e-04 1.288376827436e-02 
1.272830203650e-05 3.463328094450e+03 5.390209652031e+04 2.894130071938e+01 5.417462444874e-02 -5.978242015931e+07 3.752526132062e+02 4.926868075093e-03 1.759343864796e-06 2.302912079461e-01 7.552682449645e-01 8.417067450593e-04 1.850969207533e-07 7.148869729922e-04 1.288376827436e-02 
1.873896767450e-05 3.460375546853e+03 5.405188054430e+04 2.893253416212e+01 5.435504886673e-02 -5.974091938743e+07 3.678204587732e+02 7.159337176956e-03 2.556539277839e-06 2.297353031125e-01 7.550746672473e-01 1.256200041169e-03 2.745894534319e-07 1.049786735199e-03 1.288376827436e-02 
2.747587105248e-05 3.455524055613e+03 5.422708362315e+04 2.891997454390e+01 5.458409021283e-02 -5.943176727112e+07 3.589696299369e+02 1.033306002459e-02 3.689837837184e-06 2.289262297151e-01 7.547865712835e-01 1.873085326918e-03 4.044030114911e-07 1.529940997090e-03 1.288376827436e-02 
4.414423948212e-05 3.445405525868e+03 5.448510566470e+04 2.889671402660e+01 5.496063648988e-02 -5.841091343625e+07 3.455978515370e+02 1.620047749286e-02 5.785044638096e-06 2.273880100423e-01 7.542191184558e-01 3.088165763605e-03 6.496094070149e-07 2.420287854502e-03 1.288376827436e-02 
6.683318581772e-05 3.430997145673e+03 5.475105595553e+04 2.886664183379e+01 5.540312332222e-02 -5.659128835535e+07 3.313560771765e+02 2.387387373823e-02 8.525095011411e-06 2.253212701748e-01 7.534189901964e-01 4.801512359399e-03 9.762936920780e-07 3.573482701366e-03 1.288376827436e-02 
1.005107775149e-04 3.409629998663e+03 5.505145281456e+04 2.882538228928e+01 5.597607578216e-02 -5.355221007994e+07 3.146535389152e+02 3.474071541705e-02 1.240541902272e-05 2.223390342373e-01 7.521962130951e-01 7.419961018073e-03 1.444163070609e-06 5.159579212172e-03 1.288376827436e-02 
1.479871848896e-04 3.380819760207e+03 5.537003058542e+04 2.877356066954e+01 5.667769706194e-02 -4.916313154424e+07 2.961297874974e+02 4.922196999917e-02 1.757630235118e-05 2.183481792103e-01 7.504513232988e-01 1.115655364256e-02 2.067694747076e-06 7.158107879216e-03 1.288376827436e-02 
2.125875895279e-04 3.345021610952e+03 5.569349643009e+04 2.871324315793e+01 5.749812021645e-02 -4.351462983211e+07 2.763303440835e+02 6.768667032306e-02 2.416949860990e-05 2.133613782405e-01 7.481290933427e-01 1.612960090679e-02 2.846144888606e-06 9.493313090799e-03 1.288376827436e-02 
2.967385742938e-04 3.304406975761e+03 5.600578923733e+04 2.864859582879e+01 5.839942537917e-02 -3.702522496474e+07 2.560831605009e+02 9.005376790690e-02 3.215607508310e-05 2.076436437539e-01 7.453230902031e-01 2.213875558596e-02 3.735952852172e-06 1.200700622972e-02 1.288376827436e-02 
</profiles>
<profiles-size> 
28 8
</profiles-size> 
</opensmoke>
