t[s](1)             T[K](2)             P[Pa](3)            V[m3](4)            rho[kg/m3](5)       MW[kg/kmol](6)      Qgas[W/m3](7)       Qsurf[W/m2](8)      Rh_surface(9)       Rh(s)_z(10)     H2O(s)_z(11)    H(s)_z(12)      OH(s)_z(13)     CO(s)_z(14)     O(s)_z(15)      CO2(s)_z(16)    COOH(s)_z(17)   C(s)_z(18)      O2_x(19)        CO_x(20)        CO2_x(21)       H2_x(22)        H2O_x(23)       AR_x(24)        N2_x(25)        O2_w(26)        CO_w(27)        CO2_w(28)       H2_w(29)        H2O_w(30)       AR_w(31)        N2_w(32)        
0.000000e+00        7.000000e+02        1.013250e+05        1.000000e-04        4.702860e-01        2.701330e+01        -0.000000e+00       -2.005990e+07       2.720000e-08        1.000000e+00    0.000000e+00    0.000000e+00    0.000000e+00    0.000000e+00    0.000000e+00    0.000000e+00    0.000000e+00    0.000000e+00    0.000000e+00    1.000000e-01    1.000000e-01    1.000000e-01    0.000000e+00    0.000000e+00    7.000000e-01    0.000000e+00    1.036897e-01    1.629160e-01    7.462991e-03    0.000000e+00    0.000000e+00    7.259313e-01    
3.524868e-13        7.000000e+02        1.013250e+05        1.000000e-04        4.702860e-01        2.701330e+01        -0.000000e+00       -1.991591e+07       2.720000e-08        9.999978e-01    0.000000e+00    0.000000e+00    0.000000e+00    2.039489e-06    1.541053e-14    1.546151e-07    0.000000e+00    5.693253e-19    1.987037e-61    1.000000e-01    1.000000e-01    1.000000e-01    0.000000e+00    0.000000e+00    7.000000e-01    2.353700e-61    1.036897e-01    1.629160e-01    7.462991e-03    0.000000e+00    0.000000e+00    7.259313e-01    
4.877156e-12        7.000000e+02        1.013250e+05        1.000000e-04        4.702860e-01        2.701330e+01        -0.000000e+00       -1.842522e+07       2.720000e-08        9.999700e-01    0.000000e+00    0.000000e+00    0.000000e+00    2.821883e-05    2.585334e-12    1.755203e-06    0.000000e+00    1.090076e-16    8.366599e-56    1.000000e-01    1.000000e-01    1.000000e-01    0.000000e+00    0.000000e+00    7.000000e-01    9.910468e-56    1.036897e-01    1.629160e-01    7.462991e-03    0.000000e+00    0.000000e+00    7.259313e-01    
1.703489e-11        7.000000e+02        1.013250e+05        1.000000e-04        4.702860e-01        2.701330e+01        -0.000000e+00       -1.646758e+07       2.720000e-08        9.998976e-01    0.000000e+00    0.000000e+00    0.000000e+00    9.855889e-05    2.307291e-11    3.856388e-06    0.000000e+00    1.330255e-15    2.568217e-53    1.000000e-01    1.000000e-01    1.000000e-01    0.000000e+00    0.000000e+00    7.000000e-01    3.042123e-53    1.036897e-01    1.629160e-01    7.462991e-03    0.000000e+00    0.000000e+00    7.259313e-01    
3.321148e-11        7.000000e+02        1.013250e+05        1.000000e-04        4.702860e-01        2.701330e+01        -0.000000e+00       -1.572180e+07       2.720000e-08        9.998032e-01    0.000000e+00    0.000000e+00    0.000000e+00    1.921428e-04    6.265872e-11    4.655409e-06    0.000000e+00    5.058366e-15    4.058085e-52    1.000000e-01    1.000000e-01    1.000000e-01    0.000000e+00    0.000000e+00    7.000000e-01    4.806914e-52    1.036897e-01    1.629160e-01    7.462991e-03    0.000000e+00    0.000000e+00    7.259313e-01    
5.558551e-11        7.000000e+02        1.013250e+05        1.000000e-04        4.702860e-01        2.701330e+01        -0.000000e+00       -1.552736e+07       2.720000e-08        9.996736e-01    0.000000e+00    0.000000e+00    0.000000e+00    3.215652e-04    1.229524e-10    4.861469e-06    0.000000e+00    1.417761e-14    2.837889e-51    1.000000e-01    1.000000e-01    1.000000e-01    0.000000e+00    0.000000e+00    7.000000e-01    3.361558e-51    1.036897e-01    1.629160e-01    7.462991e-03    0.000000e+00    0.000000e+00    7.259313e-01    
8.823825e-11        7.000000e+02        1.013250e+05        1.000000e-04        4.702860e-01        2.701330e+01        -0.000000e+00       -1.549707e+07       2.720000e-08        9.994847e-01    0.000000e+00    0.000000e+00    0.000000e+00    5.104146e-04    2.126059e-10    4.889932e-06    0.000000e+00    3.575631e-14    1.435347e-50    9.999999e-02    1.000000e-01    1.000000e-01    0.000000e+00    0.000000e+00    7.000000e-01    1.700209e-50    1.036897e-01    1.629160e-01    7.462991e-03    0.000000e+00    0.000000e+00    7.259313e-01    
1.455574e-10        7.000000e+02        1.013250e+05        1.000000e-04        4.702860e-01        2.701330e+01        -0.000000e+00       -1.549045e+07       2.720000e-08        9.991533e-01    0.000000e+00    0.000000e+00    0.000000e+00    8.418372e-04    3.702356e-10    4.889884e-06    0.000000e+00    9.744020e-14    7.540176e-50    9.999999e-02    1.000000e-01    1.000000e-01    0.000000e+00    0.000000e+00    7.000000e-01    8.931546e-50    1.036896e-01    1.629160e-01    7.462991e-03    0.000000e+00    0.000000e+00    7.259313e-01    
3.237874e-10        7.000000e+02        1.013250e+05        1.000000e-04        4.702860e-01        2.701330e+01        -0.000000e+00       -1.547445e+07       2.720000e-08        9.981234e-01    0.000000e+00    0.000000e+00    0.000000e+00    1.871671e-03    8.599330e-10    4.884852e-06    0.000000e+00    4.843416e-13    9.446552e-49    9.999997e-02    1.000000e-01    1.000000e-01    0.000000e+00    0.000000e+00    7.000000e-01    1.118970e-48    1.036896e-01    1.629160e-01    7.462991e-03    0.000000e+00    0.000000e+00    7.259313e-01    
2.380114e-09        7.000000e+02        1.013250e+05        1.000000e-04        4.702859e-01        2.701330e+01        -0.000000e+00       -1.529109e+07       2.720000e-08        9.863184e-01    0.000000e+00    0.000000e+00    0.000000e+00    1.367674e-02    6.460040e-09    4.827079e-06    0.000000e+00    2.756824e-11    4.053283e-46    9.999981e-02    1.000000e-01    1.000000e-01    0.000000e+00    0.000000e+00    7.000001e-01    4.801226e-46    1.036895e-01    1.629161e-01    7.462992e-03    0.000000e+00    0.000000e+00    7.259315e-01    
1.926282e-08        7.000000e+02        1.013248e+05        1.000000e-04        4.702852e-01        2.701330e+01        -0.000000e+00       -1.386254e+07       2.720000e-08        8.945448e-01    0.000000e+00    0.000000e+00    0.000000e+00    1.054508e-01    5.024152e-08    4.377938e-06    0.000000e+00    2.738287e-09    2.018912e-43    9.999852e-02    1.000002e-01    1.000002e-01    0.000000e+00    0.000000e+00    7.000012e-01    2.391457e-43    1.036881e-01    1.629163e-01    7.463003e-03    0.000000e+00    0.000000e+00    7.259325e-01    
5.852468e-08        7.000000e+02        1.013245e+05        1.000000e-04        4.702838e-01        2.701330e+01        -0.000000e+00       -1.098673e+07       2.720000e-08        7.131584e-01    0.000000e+00    0.000000e+00    0.000000e+00    2.868378e-01    1.774226e-07    3.490228e-06    0.000000e+00    6.041587e-08    6.335109e-42    9.999597e-02    1.000004e-01    1.000004e-01    0.000000e+00    0.000000e+00    7.000031e-01    7.504113e-42    1.036855e-01    1.629168e-01    7.463025e-03    0.000000e+00    0.000000e+00    7.259347e-01    
9.916141e-08        7.000000e+02        1.013243e+05        1.000000e-04        4.702827e-01        2.701329e+01        -0.000000e+00       -8.434882e+06       2.720000e-08        5.662362e-01    0.000000e+00    0.000000e+00    0.000000e+00    4.337601e-01    5.220494e-07    2.771182e-06    0.000000e+00    3.599889e-07    6.184731e-41    9.999390e-02    1.000007e-01    1.000007e-01    0.000000e+00    0.000000e+00    7.000047e-01    7.325986e-41    1.036834e-01    1.629172e-01    7.463043e-03    0.000000e+00    0.000000e+00    7.259364e-01    
1.519387e-07        7.000000e+02        1.013241e+05        1.000000e-04        4.702817e-01        2.701329e+01        -0.000000e+00       -5.334799e+06       2.720000e-08        4.308331e-01    0.000000e+00    0.000000e+00    0.000000e+00    5.691613e-01    1.851378e-06    2.108498e-06    0.000000e+00    1.662523e-06    9.058933e-40    9.999200e-02    1.000009e-01    1.000009e-01    0.000000e+00    0.000000e+00    7.000062e-01    1.073056e-39    1.036814e-01    1.629175e-01    7.463059e-03    0.000000e+00    0.000000e+00    7.259380e-01    
2.119422e-07        7.000000e+02        1.013240e+05        1.000000e-04        4.702810e-01        2.701329e+01        -0.000000e+00       -2.342001e+06       2.720000e-08        3.469391e-01    0.000000e+00    0.000000e+00    0.000000e+00    6.530492e-01    5.101404e-06    1.697908e-06    0.000000e+00    4.970442e-06    9.702416e-39    9.999082e-02    1.000010e-01    1.000010e-01    0.000000e+00    0.000000e+00    7.000071e-01    1.149278e-38    1.036802e-01    1.629178e-01    7.463070e-03    0.000000e+00    0.000000e+00    7.259390e-01    
2.885216e-07        7.000000e+02        1.013239e+05        1.000000e-04        4.702808e-01        2.701329e+01        -0.000000e+00       -5.365091e+05       2.720000e-08        3.109461e-01    0.000000e+00    0.000000e+00    0.000000e+00    6.890303e-01    1.093090e-05    1.521793e-06    0.000000e+00    1.119022e-05    7.143309e-38    9.999031e-02    1.000011e-01    1.000011e-01    0.000000e+00    0.000000e+00    7.000075e-01    8.461450e-38    1.036797e-01    1.629179e-01    7.463074e-03    0.000000e+00    0.000000e+00    7.259394e-01    
4.140788e-07        7.000000e+02        1.013239e+05        1.000000e-04        4.702807e-01        2.701329e+01        -0.000000e+00       -3.426371e+04       2.720000e-08        3.022724e-01    0.000000e+00    0.000000e+00    0.000000e+00    6.976825e-01    2.090305e-05    1.479433e-06    0.000000e+00    2.274091e-05    4.759495e-37    9.999019e-02    1.000011e-01    1.000011e-01    0.000000e+00    0.000000e+00    7.000076e-01    5.637755e-37    1.036795e-01    1.629179e-01    7.463075e-03    0.000000e+00    0.000000e+00    7.259395e-01    
5.744817e-07        7.000000e+02        1.013239e+05        1.000000e-04        4.702807e-01        2.701329e+01        -0.000000e+00       -8.806800e+02       2.720000e-08        3.016965e-01    0.000000e+00    0.000000e+00    0.000000e+00    6.982318e-01    3.243335e-05    1.476720e-06    0.000000e+00    3.776958e-05    1.907378e-36    9.999018e-02    1.000011e-01    1.000011e-01    0.000000e+00    0.000000e+00    7.000076e-01    2.259343e-36    1.036795e-01    1.629179e-01    7.463075e-03    0.000000e+00    0.000000e+00    7.259395e-01    
8.878863e-07        7.000000e+02        1.013239e+05        1.000000e-04        4.702807e-01        2.701329e+01        -0.000000e+00       1.709979e+02        2.720000e-08        3.016460e-01    0.000000e+00    0.000000e+00    0.000000e+00    6.982344e-01    5.101311e-05    1.476641e-06    0.000000e+00    6.715386e-05    8.825639e-36    9.999018e-02    1.000011e-01    1.000011e-01    0.000000e+00    0.000000e+00    7.000076e-01    1.045422e-35    1.036795e-01    1.629179e-01    7.463075e-03    0.000000e+00    0.000000e+00    7.259395e-01    
1.940308e-06        7.000000e+02        1.013239e+05        1.000000e-04        4.702807e-01        2.701329e+01        -0.000000e+00       3.739692e+02        2.720000e-08        3.015476e-01    0.000000e+00    0.000000e+00    0.000000e+00    6.981977e-01    8.752579e-05    1.476489e-06    0.000000e+00    1.657535e-04    7.681578e-35    9.999018e-02    1.000011e-01    1.000011e-01    0.000000e+00    0.000000e+00    7.000076e-01    9.099045e-35    1.036795e-01    1.629179e-01    7.463075e-03    0.000000e+00    0.000000e+00    7.259395e-01    
3.690350e-06        7.000000e+02        1.013239e+05        1.000000e-04        4.702807e-01        2.701329e+01        -0.000000e+00       4.851421e+02        2.720000e-08        3.014123e-01    0.000000e+00    0.000000e+00    0.000000e+00    6.981492e-01    1.076096e-04    1.476008e-06    0.000000e+00    3.294608e-04    2.914174e-34    9.999017e-02    1.000011e-01    1.000011e-01    0.000000e+00    0.000000e+00    7.000076e-01    3.451921e-34    1.036795e-01    1.629179e-01    7.463075e-03    0.000000e+00    0.000000e+00    7.259395e-01    
6.106124e-06        7.000000e+02        1.013239e+05        1.000000e-04        4.702807e-01        2.701329e+01        -0.000000e+00       5.138641e+02        2.720000e-08        3.012415e-01    0.000000e+00    0.000000e+00    0.000000e+00    6.980892e-01    1.128110e-04    1.475219e-06    0.000000e+00    5.549657e-04    6.562154e-34    9.999017e-02    1.000011e-01    1.000011e-01    0.000000e+00    0.000000e+00    7.000076e-01    7.773056e-34    1.036795e-01    1.629179e-01    7.463075e-03    0.000000e+00    0.000000e+00    7.259395e-01    
9.561153e-06        7.000000e+02        1.013239e+05        1.000000e-04        4.702807e-01        2.701329e+01        -0.000000e+00       5.166541e+02        2.720000e-08        3.010028e-01    0.000000e+00    0.000000e+00    0.000000e+00    6.980058e-01    1.133340e-04    1.474055e-06    0.000000e+00    8.765755e-04    1.198621e-33    9.999016e-02    1.000011e-01    1.000011e-01    0.000000e+00    0.000000e+00    7.000076e-01    1.419800e-33    1.036795e-01    1.629179e-01    7.463075e-03    0.000000e+00    0.000000e+00    7.259395e-01    
1.562466e-05        7.000000e+02        1.013239e+05        1.000000e-04        4.702807e-01        2.701329e+01        -0.000000e+00       5.140618e+02        2.720000e-08        3.005868e-01    0.000000e+00    0.000000e+00    0.000000e+00    6.978604e-01    1.128979e-04    1.472014e-06    0.000000e+00    1.438477e-03    2.148663e-33    9.999015e-02    1.000011e-01    1.000011e-01    0.000000e+00    0.000000e+00    7.000076e-01    2.545152e-33    1.036795e-01    1.629179e-01    7.463075e-03    0.000000e+00    0.000000e+00    7.259395e-01    
3.339829e-05        7.000000e+02        1.013239e+05        1.000000e-04        4.702807e-01        2.701329e+01        -0.000000e+00       5.058512e+02        2.720000e-08        2.993816e-01    0.000000e+00    0.000000e+00    0.000000e+00    6.974380e-01    1.115040e-04    1.466100e-06    0.000000e+00    3.067416e-03    4.887726e-33    9.999010e-02    1.000011e-01    1.000011e-01    0.000000e+00    0.000000e+00    7.000077e-01    5.789649e-33    1.036794e-01    1.629180e-01    7.463075e-03    0.000000e+00    0.000000e+00    7.259395e-01    
1.820340e-04        7.000000e+02        1.013239e+05        1.000000e-04        4.702807e-01        2.701329e+01        -0.000000e+00       4.460239e+02        2.720000e-08        2.900562e-01    0.000000e+00    0.000000e+00    0.000000e+00    6.941120e-01    1.012052e-04    1.420346e-06    0.000000e+00    1.572918e-02    0.000000e+00    9.998977e-02    1.000014e-01    1.000011e-01    0.000000e+00    0.000000e+00    7.000078e-01    0.000000e+00    1.036791e-01    1.629183e-01    7.463075e-03    0.000000e+00    0.000000e+00    7.259395e-01    
7.558516e-04        7.000000e+02        1.013238e+05        1.000000e-04        4.702806e-01        2.701330e+01        -0.000000e+00       3.045699e+02        2.720000e-08        2.628733e-01    0.000000e+00    0.000000e+00    0.000000e+00    6.837843e-01    7.560767e-05    1.287043e-06    0.000000e+00    5.326544e-02    5.353512e-27    9.998880e-02    1.000020e-01    1.000012e-01    0.000000e+00    0.000000e+00    7.000081e-01    6.341382e-27    1.036780e-01    1.629193e-01    7.463076e-03    0.000000e+00    0.000000e+00    7.259396e-01    
1.557479e-03        7.000000e+02        1.013238e+05        1.000000e-04        4.702806e-01        2.701331e+01        -0.000000e+00       2.091428e+02        2.720000e-08        2.377992e-01    0.000000e+00    0.000000e+00    0.000000e+00    6.732872e-01    5.688261e-05    1.164152e-06    0.000000e+00    8.885548e-02    0.000000e+00    9.998790e-02    1.000026e-01    1.000012e-01    0.000000e+00    0.000000e+00    7.000083e-01    0.000000e+00    1.036771e-01    1.629202e-01    7.463077e-03    0.000000e+00    0.000000e+00    7.259397e-01    
2.463149e-03        7.000000e+02        1.013238e+05        1.000000e-04        4.702806e-01        2.701332e+01        -0.000000e+00       1.532150e+02        2.720000e-08        2.183941e-01    0.000000e+00    0.000000e+00    0.000000e+00    6.643930e-01    4.502586e-05    1.069081e-06    0.000000e+00    1.171668e-01    6.354397e-27    9.998718e-02    1.000031e-01    1.000012e-01    0.000000e+00    0.000000e+00    7.000085e-01    7.526953e-27    1.036763e-01    1.629209e-01    7.463077e-03    0.000000e+00    0.000000e+00    7.259397e-01    
4.145536e-03        7.000000e+02        1.013237e+05        1.000000e-04        4.702805e-01        2.701333e+01        -0.000000e+00       1.011108e+02        2.720000e-08        1.944122e-01    0.000000e+00    0.000000e+00    0.000000e+00    6.522693e-01    3.302486e-05    9.516202e-07    0.000000e+00    1.532845e-01    0.000000e+00    9.998628e-02    1.000037e-01    1.000013e-01    0.000000e+00    0.000000e+00    7.000088e-01    0.000000e+00    1.036753e-01    1.629218e-01    7.463077e-03    0.000000e+00    0.000000e+00    7.259397e-01    
5.641579e-03        7.000000e+02        1.013237e+05        1.000000e-04        4.702805e-01        2.701333e+01        -0.000000e+00       7.701520e+01        2.720000e-08        1.798785e-01    0.000000e+00    0.000000e+00    0.000000e+00    6.441908e-01    2.698412e-05    8.804500e-07    0.000000e+00    1.759029e-01    6.550647e-27    9.998572e-02    1.000040e-01    1.000013e-01    0.000000e+00    0.000000e+00    7.000090e-01    7.759414e-27    1.036747e-01    1.629224e-01    7.463078e-03    0.000000e+00    0.000000e+00    7.259398e-01    
7.593261e-03        7.000000e+02        1.013237e+05        1.000000e-04        4.702805e-01        2.701334e+01        -0.000000e+00       5.830014e+01        2.720000e-08        1.659953e-01    0.000000e+00    0.000000e+00    0.000000e+00    6.358566e-01    2.197705e-05    8.124740e-07    0.000000e+00    1.981253e-01    3.695255e-26    9.998518e-02    1.000044e-01    1.000013e-01    0.000000e+00    0.000000e+00    7.000091e-01    4.377126e-26    1.036742e-01    1.629230e-01    7.463078e-03    0.000000e+00    0.000000e+00    7.259398e-01    
1.030518e-02        7.000000e+02        1.013237e+05        1.000000e-04        4.702805e-01        2.701334e+01        -0.000000e+00       4.324233e+01        2.720000e-08        1.521117e-01    0.000000e+00    0.000000e+00    0.000000e+00    6.268140e-01    1.764390e-05    7.445030e-07    0.000000e+00    2.210559e-01    7.233347e-27    9.998462e-02    1.000048e-01    1.000013e-01    0.000000e+00    0.000000e+00    7.000093e-01    8.568086e-27    1.036736e-01    1.629236e-01    7.463078e-03    0.000000e+00    0.000000e+00    7.259398e-01    
1.278947e-02        7.000000e+02        1.013236e+05        1.000000e-04        4.702805e-01        2.701335e+01        -0.000000e+00       3.477349e+01        2.720000e-08        1.426406e-01    0.000000e+00    0.000000e+00    0.000000e+00    6.201721e-01    1.504210e-05    6.981378e-07    0.000000e+00    2.371716e-01    0.000000e+00    9.998424e-02    1.000050e-01    1.000013e-01    0.000000e+00    0.000000e+00    7.000094e-01    0.000000e+00    1.036731e-01    1.629240e-01    7.463078e-03    0.000000e+00    0.000000e+00    7.259398e-01    
1.707094e-02        7.000000e+02        1.013236e+05        1.000000e-04        4.702805e-01        2.701335e+01        -0.000000e+00       2.580851e+01        2.720000e-08        1.305326e-01    0.000000e+00    0.000000e+00    0.000000e+00    6.110268e-01    1.210109e-05    6.388671e-07    0.000000e+00    2.584279e-01    4.949783e-27    9.998374e-02    1.000054e-01    1.000014e-01    0.000000e+00    0.000000e+00    7.000095e-01    5.863144e-27    1.036726e-01    1.629245e-01    7.463078e-03    0.000000e+00    0.000000e+00    7.259398e-01    
2.212127e-02        7.000000e+02        1.013236e+05        1.000000e-04        4.702805e-01        2.701336e+01        -0.000000e+00       1.964354e+01        2.720000e-08        1.202714e-01    0.000000e+00    0.000000e+00    0.000000e+00    6.026065e-01    9.923013e-06    5.886399e-07    0.000000e+00    2.771116e-01    0.000000e+00    9.998330e-02    1.000057e-01    1.000014e-01    0.000000e+00    0.000000e+00    7.000096e-01    0.000000e+00    1.036721e-01    1.629250e-01    7.463078e-03    0.000000e+00    0.000000e+00    7.259398e-01    
3.156280e-02        7.000000e+02        1.013236e+05        1.000000e-04        4.702805e-01        2.701336e+01        -0.000000e+00       1.342327e+01        2.720000e-08        1.071994e-01    0.000000e+00    0.000000e+00    0.000000e+00    5.908066e-01    7.533165e-06    5.246563e-07    0.000000e+00    3.019860e-01    0.000000e+00    9.998273e-02    1.000061e-01    1.000014e-01    0.000000e+00    0.000000e+00    7.000098e-01    0.000000e+00    1.036715e-01    1.629256e-01    7.463078e-03    0.000000e+00    0.000000e+00    7.259398e-01    
4.515776e-02        7.000000e+02        1.013236e+05        1.000000e-04        4.702805e-01        2.701337e+01        -0.000000e+00       9.100724e+00        2.720000e-08        9.522665e-02    0.000000e+00    0.000000e+00    0.000000e+00    5.787036e-01    5.693016e-06    4.660557e-07    0.000000e+00    3.260636e-01    0.000000e+00    9.998218e-02    1.000065e-01    1.000014e-01    0.000000e+00    0.000000e+00    7.000099e-01    0.000000e+00    1.036709e-01    1.629262e-01    7.463078e-03    0.000000e+00    0.000000e+00    7.259398e-01    
6.021327e-02        7.000000e+02        1.013236e+05        1.000000e-04        4.702805e-01        2.701337e+01        -0.000000e+00       6.641893e+00        2.720000e-08        8.647077e-02    0.000000e+00    0.000000e+00    0.000000e+00    5.688794e-01    4.542322e-06    4.232012e-07    0.000000e+00    3.446449e-01    1.516696e-26    9.998177e-02    1.000068e-01    1.000014e-01    0.000000e+00    0.000000e+00    7.000100e-01    1.796563e-26    1.036705e-01    1.629267e-01    7.463077e-03    0.000000e+00    0.000000e+00    7.259397e-01    
8.442180e-02        7.000000e+02        1.013235e+05        1.000000e-04        4.702806e-01        2.701338e+01        -0.000000e+00       4.593305e+00        2.720000e-08        7.712885e-02    0.000000e+00    0.000000e+00    0.000000e+00    5.572737e-01    3.483812e-06    3.774792e-07    0.000000e+00    3.655936e-01    8.779180e-27    9.998131e-02    1.000072e-01    1.000014e-01    0.000000e+00    0.000000e+00    7.000101e-01    1.039915e-26    1.036700e-01    1.629272e-01    7.463077e-03    0.000000e+00    0.000000e+00    7.259397e-01    
1.092773e-01        7.000000e+02        1.013235e+05        1.000000e-04        4.702806e-01        2.701338e+01        -0.000000e+00       3.453618e+00        2.720000e-08        7.064404e-02    0.000000e+00    0.000000e+00    0.000000e+00    5.483883e-01    2.845839e-06    3.457411e-07    0.000000e+00    3.809645e-01    0.000000e+00    9.998098e-02    1.000074e-01    1.000015e-01    0.000000e+00    0.000000e+00    7.000102e-01    0.000000e+00    1.036696e-01    1.629276e-01    7.463077e-03    0.000000e+00    0.000000e+00    7.259397e-01    
1.481721e-01        7.000000e+02        1.013235e+05        1.000000e-04        4.702806e-01        2.701338e+01        -0.000000e+00       2.465793e+00        2.720000e-08        6.366839e-02    0.000000e+00    0.000000e+00    0.000000e+00    5.379039e-01    2.243301e-06    3.116011e-07    0.000000e+00    3.984251e-01    0.000000e+00    9.998061e-02    1.000077e-01    1.000015e-01    0.000000e+00    0.000000e+00    7.000102e-01    0.000000e+00    1.036692e-01    1.629281e-01    7.463076e-03    0.000000e+00    0.000000e+00    7.259396e-01    
1.957821e-01        7.000000e+02        1.013235e+05        1.000000e-04        4.702806e-01        2.701339e+01        -0.000000e+00       1.814683e+00        2.720000e-08        5.788130e-02    0.000000e+00    0.000000e+00    0.000000e+00    5.283276e-01    1.806165e-06    2.832783e-07    0.000000e+00    4.137890e-01    5.119877e-28    9.998029e-02    1.000079e-01    1.000015e-01    0.000000e+00    0.000000e+00    7.000103e-01    6.064615e-28    1.036689e-01    1.629284e-01    7.463076e-03    0.000000e+00    0.000000e+00    7.259396e-01    
2.616173e-01        7.000000e+02        1.013235e+05        1.000000e-04        4.702807e-01        2.701339e+01        -0.000000e+00       1.320346e+00        2.720000e-08        5.241744e-02    0.000000e+00    0.000000e+00    0.000000e+00    5.183981e-01    1.443243e-06    2.565375e-07    0.000000e+00    4.291828e-01    6.921864e-27    9.997997e-02    1.000082e-01    1.000015e-01    0.000000e+00    0.000000e+00    7.000104e-01    8.199110e-27    1.036685e-01    1.629288e-01    7.463076e-03    0.000000e+00    0.000000e+00    7.259396e-01    
3.715619e-01        7.000000e+02        1.013235e+05        1.000000e-04        4.702807e-01        2.701340e+01        -0.000000e+00       9.001636e-01        2.720000e-08        4.649703e-02    0.000000e+00    0.000000e+00    0.000000e+00    5.064449e-01    1.102138e-06    2.275624e-07    0.000000e+00    4.470567e-01    0.000000e+00    9.997961e-02    1.000085e-01    1.000015e-01    0.000000e+00    0.000000e+00    7.000104e-01    0.000000e+00    1.036681e-01    1.629293e-01    7.463075e-03    0.000000e+00    0.000000e+00    7.259395e-01    
5.284767e-01        7.000000e+02        1.013235e+05        1.000000e-04        4.702807e-01        2.701340e+01        -0.000000e+00       6.097787e-01        2.720000e-08        4.123854e-02    0.000000e+00    0.000000e+00    0.000000e+00    4.945307e-01    8.425805e-07    2.018269e-07    0.000000e+00    4.642297e-01    1.444126e-26    9.997927e-02    1.000088e-01    1.000015e-01    0.000000e+00    0.000000e+00    7.000105e-01    1.710601e-26    1.036678e-01    1.629297e-01    7.463074e-03    0.000000e+00    0.000000e+00    7.259395e-01    
7.443470e-01        7.000000e+02        1.013235e+05        1.000000e-04        4.702808e-01        2.701340e+01        -0.000000e+00       4.203226e-01        2.720000e-08        3.671319e-02    0.000000e+00    0.000000e+00    0.000000e+00    4.830462e-01    6.504399e-07    1.796795e-07    0.000000e+00    4.802398e-01    2.531376e-26    9.997895e-02    1.000090e-01    1.000015e-01    0.000000e+00    0.000000e+00    7.000105e-01    2.998474e-26    1.036674e-01    1.629301e-01    7.463074e-03    0.000000e+00    0.000000e+00    7.259394e-01    
