<NumberOfElements>
4
</NumberOfElements>
<NamesOfElements>
H N F SI 
</NamesOfElements>
<AtomicComposition>
2.0000000000e+00 0. 0. 0. 
1.0000000000e+00 0. 0. 0. 
0. 2.0000000000e+00 0. 0. 
0. 1.0000000000e+00 0. 0. 
1.0000000000e+00 1.0000000000e+00 0. 0. 
2.0000000000e+00 1.0000000000e+00 0. 0. 
1.0000000000e+00 2.0000000000e+00 0. 0. 
2.0000000000e+00 2.0000000000e+00 0. 0. 
3.0000000000e+00 2.0000000000e+00 0. 0. 
4.0000000000e+00 2.0000000000e+00 0. 0. 
1.0000000000e+00 0. 1.0000000000e+00 0. 
0. 0. 1.0000000000e+00 0. 
0. 0. 4.0000000000e+00 1.0000000000e+00 
0. 0. 3.0000000000e+00 1.0000000000e+00 
1.0000000000e+00 0. 3.0000000000e+00 1.0000000000e+00 
2.0000000000e+00 1.0000000000e+00 3.0000000000e+00 1.0000000000e+00 
3.0000000000e+00 1.0000000000e+00 0. 0. 
1.0000000000e+00 1.0000000000e+00 1.0000000000e+00 1.0000000000e+00 
2.0000000000e+00 1.0000000000e+00 3.0000000000e+00 1.0000000000e+00 
1.0000000000e+00 1.0000000000e+00 2.0000000000e+00 1.0000000000e+00 
3.0000000000e+00 2.0000000000e+00 1.0000000000e+00 1.0000000000e+00 
3.0000000000e+00 3.0000000000e+00 2.0000000000e+00 2.0000000000e+00 
3.0000000000e+00 2.0000000000e+00 0. 0. 
0. 0. 0. 1.0000000000e+00 
0. 1.0000000000e+00 0. 0. 
</AtomicComposition>
<NumberOfSpecies>
25
</NumberOfSpecies>
<NamesOfSpecies>
H2 H N2 N NH NH2 NNH N2H2 N2H3 N2H4 HF F SIF4 SIF3 SIHF3 SIF3NH2 NH3 HN_SIF(S) F3SI_NH2(S) F2SINH(S) 
H2NFSINH(S) HN(FSINH)2(S) HN_NH2(S) SI(D) N(D) 
</NamesOfSpecies>
<Thermodynamics type="NASA">
<NASA-coefficients>
2.991423000000000165e+00 7.000644000000000528e-04 -5.633828999999999778e-08 -9.231577999999999784e-12 1.582751999999999967e-15 -8.350339999999999918e+02 -1.355110000000000037e+00 3.298124000000000056e+00 8.249442000000000493e-04 -8.143015000000000208e-07 -9.475433999999999386e-11 4.134871999999999872e-13 -1.012520999999999958e+03 -3.294093999999999856e+00 3.000000000000000000e+02 5.000000000000000000e+03 1.000000000000000000e+03 2.016000032424925870e+00
2.500000000000000000e+00 0.000000000000000000e+00 0.000000000000000000e+00 0.000000000000000000e+00 0.000000000000000000e+00 2.547163000000000102e+04 -4.601176000000000155e-01 2.500000000000000000e+00 0.000000000000000000e+00 0.000000000000000000e+00 0.000000000000000000e+00 0.000000000000000000e+00 2.547163000000000102e+04 -4.601176000000000155e-01 3.000000000000000000e+02 5.000000000000000000e+03 1.000000000000000000e+03 1.008000016212462935e+00
2.926639999999999908e+00 1.487976999999999920e-03 -5.684760999999999535e-07 1.009703999999999996e-10 -6.753350999999999797e-15 -9.227976999999999634e+02 5.980527999999999622e+00 3.298677000000000081e+00 1.408240000000000056e-03 -3.963221999999999779e-06 5.641515000000000241e-09 -2.444855000000000087e-12 -1.020899999999999977e+03 3.950372000000000217e+00 3.000000000000000000e+02 5.000000000000000000e+03 1.000000000000000000e+03 2.801399993896480112e+01
2.450267999999999891e+00 1.066145999999999939e-04 -7.465337000000000563e-08 1.879651999999999996e-11 -1.025984000000000028e-15 5.611604000000000087e+04 4.448757999999999768e+00 2.503070999999999824e+00 -2.180018000000000038e-05 5.420529000000000111e-08 -5.647560000000000141e-11 2.099904000000000132e-14 5.609890000000000146e+04 4.167565999999999882e+00 3.000000000000000000e+02 5.000000000000000000e+03 1.000000000000000000e+03 1.400699996948240056e+01
2.760248999999999953e+00 1.375345999999999947e-03 -4.451913999999999745e-07 7.692792000000000084e-11 -5.017591999999999985e-15 4.207827999999999884e+04 5.857198999999999600e+00 3.339757999999999782e+00 1.253009000000000024e-03 -3.491646000000000163e-06 4.218812000000000051e-09 -1.557618000000000038e-12 4.185047000000000116e+04 2.507181000000000104e+00 3.000000000000000000e+02 5.000000000000000000e+03 1.000000000000000000e+03 1.501499998569486394e+01
2.961310999999999805e+00 2.932698999999999983e-03 -9.063599999999999712e-07 1.617256999999999930e-10 -1.204199999999999964e-14 2.191977000000000044e+04 5.777878000000000291e+00 3.432493000000000016e+00 3.299540000000000112e-03 -6.613599999999999664e-06 8.590947000000000277e-09 -3.572047000000000198e-12 2.177227999999999884e+04 3.090110999999999830e+00 3.000000000000000000e+02 5.000000000000000000e+03 1.000000000000000000e+03 1.602300000190732732e+01
4.415341999999999878e+00 1.614388000000000021e-03 -1.632893999999999957e-07 -8.559845999999999673e-11 1.614791000000000013e-14 2.788029000000000087e+04 9.042888000000000037e-01 3.501344000000000012e+00 2.053586999999999947e-03 7.170410000000000479e-07 4.921348000000000157e-10 -9.671169999999999068e-13 2.833347000000000116e+04 6.391836999999999769e+00 2.500000000000000000e+02 4.000000000000000000e+03 1.000000000000000000e+03 2.902199995517726450e+01
3.371185000000000098e+00 6.039967999999999726e-03 -2.303854000000000084e-06 4.062788999999999772e-10 -2.713143999999999975e-14 2.418172000000000116e+04 4.980584999999999596e+00 1.617998999999999965e+00 1.306311999999999925e-02 -1.715712000000000015e-05 1.605608000000000066e-08 -6.093638999999999699e-12 2.467525999999999840e+04 1.379466999999999999e+01 3.000000000000000000e+02 5.000000000000000000e+03 1.000000000000000000e+03 3.002999997138972788e+01
4.441845999999999961e+00 7.214271000000000399e-03 -2.495684000000000075e-06 3.920565000000000099e-10 -2.298950000000000014e-14 1.664220999999999913e+04 -4.275205000000000255e-01 3.174204000000000025e+00 4.715907000000000085e-03 1.334866999999999937e-05 -1.919685000000000159e-08 7.487564000000000749e-12 1.727270000000000073e+04 7.557223999999999720e+00 3.000000000000000000e+02 5.000000000000000000e+03 1.000000000000000000e+03 3.103799998760219125e+01
4.977317000000000213e+00 9.595519000000000270e-03 -3.547639000000000153e-06 6.124298999999999926e-10 -4.029794999999999920e-14 9.341218999999999141e+03 -2.962990000000000013e+00 6.442605999999999333e-02 2.749729999999999883e-02 -2.899450999999999897e-05 1.745240000000000148e-08 -4.422281999999999957e-12 1.045192000000000007e+04 2.127788999999999930e+01 3.000000000000000000e+02 5.000000000000000000e+03 1.000000000000000000e+03 3.204600000381465463e+01
2.991910999999999987e+00 7.148947500000000285e-04 -6.863097299999999562e-08 -1.161713000000000020e-11 1.941237500000000021e-15 -3.362136400000000140e+04 3.812328799999999962e+00 3.437998599999999794e+00 5.357159799999999632e-04 -1.522965500000000072e-06 1.756449099999999991e-09 -5.786994000000000050e-13 -3.381897200000000157e+04 1.193015299999999890e+00 3.000000000000000000e+02 5.000000000000000000e+03 1.000000000000000000e+03 2.000640001621246356e+01
2.700435300000000094e+00 -2.229318200000000004e-04 9.794138499999999700e-08 -1.912303800000000013e-11 1.376815399999999996e-15 8.716361699999999473e+03 3.806718200000000163e+00 2.812873999999999874e+00 -3.302309800000000103e-06 -1.289730999999999917e-06 1.683736499999999938e-09 -6.458783299999999553e-13 8.660401900000000751e+03 3.098419799999999835e+00 3.000000000000000000e+02 5.000000000000000000e+03 1.000000000000000000e+03 1.899840000000000018e+01
1.047847299999999926e+01 2.858675599999999963e-03 -1.264631399999999906e-06 2.474686300000000229e-10 -1.782429599999999968e-14 -1.979055000000000000e+05 -2.752064100000000124e+01 2.189306800000000219e+00 3.370200699999999910e-02 -4.672317900000000276e-05 3.158463799999999836e-08 -8.450611399999999673e-12 -1.960328900000000140e+05 1.328730799999999945e+01 3.000000000000000000e+02 5.000000000000000000e+03 1.000000000000000000e+03 1.040795999999999992e+02
8.524789800000000639e+00 1.323792399999999987e-03 -2.104278699999999884e-07 -1.149503999999999994e-10 3.055301399999999992e-14 -1.223522299999999959e+05 -1.550234299999999976e+01 4.662868500000000083e+00 1.008787799999999978e-02 -1.805544199999999942e-06 -7.769298999999999311e-09 4.377851800000000202e-12 -1.212965200000000041e+05 4.672965999999999731e+00 3.000000000000000000e+02 3.000000000000000000e+03 1.000000000000000000e+03 8.508119999999999550e+01
9.363567400000000873e+00 2.947555900000000013e-03 -3.577633000000000018e-07 -2.858224500000000070e-10 6.915728600000000158e-14 -1.486073599999999860e+05 -2.169452899999999929e+01 3.918052900000000172e+00 1.463917200000000064e-02 -1.856069800000000039e-06 -1.058200299999999936e-08 5.617543300000000201e-12 -1.470438599999999860e+05 7.024261499999999714e+00 3.000000000000000000e+02 3.000000000000000000e+03 1.000000000000000000e+03 8.608920001621245888e+01
1.210963600000000007e+01 4.383282300000000166e-03 -4.142245299999999810e-07 -3.989090199999999986e-10 8.958954300000000017e-14 -1.641767799999999988e+05 -3.046928399999999826e+01 6.229402999999999579e+00 1.778015100000000098e-02 -2.612304299999999888e-06 -1.267243500000000061e-08 7.044555899999999677e-12 -1.625848900000000140e+05 2.045440699999999945e-01 3.000000000000000000e+02 3.000000000000000000e+03 1.000000000000000000e+03 1.011042000019073299e+02
2.461904000000000092e+00 6.059166000000000378e-03 -2.004976999999999862e-06 3.136002999999999743e-10 -1.938316999999999898e-14 -6.493270000000000437e+03 7.472096999999999767e+00 2.204352000000000089e+00 1.011476000000000042e-02 -1.465264999999999938e-05 1.447234999999999956e-08 -5.328508999999999707e-12 -6.525488000000000284e+03 8.127138000000000417e+00 3.000000000000000000e+02 5.000000000000000000e+03 1.000000000000000000e+03 1.703100001811979070e+01
2.475398900000000069e+00 8.811218700000000023e-04 -2.093948100000000023e-07 4.275718699999999937e-12 1.600656399999999959e-14 -8.125561999999999898e+02 -1.218874699999999933e+01 8.419753800000000510e-01 8.371041600000000277e-03 -1.307703000000000073e-05 9.759360300000000606e-09 -2.727937999999999841e-12 -5.248628800000000183e+02 -4.527267799999999731e+00 3.000000000000000000e+02 1.685000000000000000e+03 6.000000000000000000e+02 6.209939998569485908e+01
2.475398900000000069e+00 8.811218700000000023e-04 -2.093948100000000023e-07 4.275718699999999937e-12 1.600656399999999959e-14 -8.125561999999999898e+02 -1.218874699999999933e+01 8.419753800000000510e-01 8.371041600000000277e-03 -1.307703000000000073e-05 9.759360300000000606e-09 -2.727937999999999841e-12 -5.248628800000000183e+02 -4.527267799999999731e+00 3.000000000000000000e+02 1.685000000000000000e+03 6.000000000000000000e+02 1.011042000019073299e+02
2.475398900000000069e+00 8.811218700000000023e-04 -2.093948100000000023e-07 4.275718699999999937e-12 1.600656399999999959e-14 -8.125561999999999898e+02 -1.218874699999999933e+01 8.419753800000000510e-01 8.371041600000000277e-03 -1.307703000000000073e-05 9.759360300000000606e-09 -2.727937999999999841e-12 -5.248628800000000183e+02 -4.527267799999999731e+00 3.000000000000000000e+02 1.685000000000000000e+03 6.000000000000000000e+02 8.109779998569486281e+01
2.475398900000000069e+00 8.811218700000000023e-04 -2.093948100000000023e-07 4.275718699999999937e-12 1.600656399999999959e-14 -8.125561999999999898e+02 -1.218874699999999933e+01 8.419753800000000510e-01 8.371041600000000277e-03 -1.307703000000000073e-05 9.759360300000000606e-09 -2.727937999999999841e-12 -5.248628800000000183e+02 -4.527267799999999731e+00 3.000000000000000000e+02 1.685000000000000000e+03 6.000000000000000000e+02 7.812239998760219351e+01
2.475398900000000069e+00 8.811218700000000023e-04 -2.093948100000000023e-07 4.275718699999999937e-12 1.600656399999999959e-14 -8.125561999999999898e+02 -1.218874699999999933e+01 8.419753800000000510e-01 8.371041600000000277e-03 -1.307703000000000073e-05 9.759360300000000606e-09 -2.727937999999999841e-12 -5.248628800000000183e+02 -4.527267799999999731e+00 3.000000000000000000e+02 1.685000000000000000e+03 6.000000000000000000e+02 1.392137999570846034e+02
2.475398900000000069e+00 8.811218700000000023e-04 -2.093948100000000023e-07 4.275718699999999937e-12 1.600656399999999959e-14 -8.125561999999999898e+02 -1.218874699999999933e+01 8.419753800000000510e-01 8.371041600000000277e-03 -1.307703000000000073e-05 9.759360300000000606e-09 -2.727937999999999841e-12 -5.248628800000000183e+02 -4.527267799999999731e+00 3.000000000000000000e+02 1.685000000000000000e+03 6.000000000000000000e+02 3.103799998760219125e+01
2.475398900000000069e+00 8.811218700000000023e-04 -2.093948100000000023e-07 4.275718699999999937e-12 1.600656399999999959e-14 -8.125561999999999898e+02 -1.218874699999999933e+01 8.419753800000000510e-01 8.371041600000000277e-03 -1.307703000000000073e-05 9.759360300000000606e-09 -2.727937999999999841e-12 -5.248628800000000183e+02 -4.527267799999999731e+00 3.000000000000000000e+02 1.685000000000000000e+03 6.000000000000000000e+02 2.808599999999999852e+01
2.475398900000000069e+00 8.811218700000000023e-04 -2.093948100000000023e-07 4.275718699999999937e-12 1.600656399999999959e-14 -8.125561999999999898e+02 -1.218874699999999933e+01 8.419753800000000510e-01 8.371041600000000277e-03 -1.307703000000000073e-05 9.759360300000000606e-09 -2.727937999999999841e-12 -5.248628800000000183e+02 -4.527267799999999731e+00 3.000000000000000000e+02 1.685000000000000000e+03 6.000000000000000000e+02 1.400699996948240056e+01
</NASA-coefficients>
</Thermodynamics>
<Transport type="none">
</Transport>
<NumberOfMaterials>
1
</NumberOfMaterials>
<NumberOfSiteSpecies>
6
</NumberOfSiteSpecies>
<NumberOfBulkSpecies>
2
</NumberOfBulkSpecies>
<SiteSpecies>
HN_SIF(S)
F3SI_NH2(S)
F2SINH(S)
H2NFSINH(S)
HN(FSINH)2(S)
HN_NH2(S)
</SiteSpecies>
<BulkSpecies>
SI(D)
N(D)
</BulkSpecies>
<MaterialDescription index="1" name="SOLID">
<NumberOfSites>
1
</NumberOfSites>
<NumberOfBulks>
2
</NumberOfBulks>
<Site index="1" name="SI3N4">
4.168300000000000340e-08
6
HN_SIF(S) 2.000000000000000000e+00 0
F3SI_NH2(S) 2.000000000000000000e+00 1
F2SINH(S) 2.000000000000000000e+00 2
H2NFSINH(S) 2.000000000000000000e+00 3
HN(FSINH)2(S) 4.000000000000000000e+00 4
HN_NH2(S) 2.000000000000000000e+00 5
</Site>
<Bulk index="1" name="BULK1">
1
SI(D) 2.066000000000000000e+03 0
</Bulk>
<Bulk index="2" name="BULK2">
1
N(D) 1.374000000000000000e+03 1
</Bulk>
</MaterialDescription>
<Kinetics type="OpenSMOKE" version="01-02-2014">
<MaterialKinetics index="1" name="SOLID">
<NumberOfSpecies>
25
</NumberOfSpecies>
<NumberOfReactions>
6
</NumberOfReactions>
<Irreversible>
6
1 2 3 4 5 6 
</Irreversible>
<Reversible>
0
</Reversible>
<Reversible-Thermodynamics>
0
</Reversible-Thermodynamics>
<Reversible-Explicit>
0
</Reversible-Explicit>
<CoverageDependent>
0
</CoverageDependent>
<Langmuir>
0
</Langmuir>
<Lumped>
0
</Lumped>
<Stick>
0
</Stick>
<ReactionsNeedingConversion>
0
</ReactionsNeedingConversion>
<TypeOfKinetics>
chemkin_conventional
</TypeOfKinetics>
<ConservationOfSites>
0
</ConservationOfSites>
<ThermodynamicReversibleReactions>
0
</ThermodynamicReversibleReactions>
<KineticParameters>
<Direct>
<lnA>
6
1.3536061170438970e+01
1.2643262493332580e+01
1.1512925464970229e+01
1.3536061170438970e+01
3.2236191301916641e+01
3.2236191301916641e+01

</lnA>
<Beta>
6
5.0000000000000000e-01
5.0000000000000000e-01
0.0000000000000000e+00
5.0000000000000000e-01
0.0000000000000000e+00
0.0000000000000000e+00

</Beta>
<E_over_R>
6
0.0000000000000000e+00
0.0000000000000000e+00
0.0000000000000000e+00
0.0000000000000000e+00
0.0000000000000000e+00
0.0000000000000000e+00

</E_over_R>
<ForwardKineticOrder>
6
1.0000000000000000e+00
1.0000000000000000e+00
0.0000000000000000e+00
1.0000000000000000e+00
0.0000000000000000e+00
0.0000000000000000e+00

</ForwardKineticOrder>
</Direct>
</KineticParameters>
<Stoichiometry type="OpenSMOKE" version="01-02-2014">
25
0 0 0 0 0 0 0 0 0 0 0 0 1 0 0 0 2 1 1 3 1 1 1 0 0 
25
0 0 0 0 0 0 0 0 0 0 0 0 0 0 0 0 0 0 0 0 0 0 0 0 0 
25
0 0 0 0 0 0 0 0 0 0 0 0 0 0 0 0 0 0 0 0 0 0 0 0 0 
25
0 0 0 0 0 0 0 0 0 0 0 0 0 0 0 0 0 0 0 0 0 0 0 0 0 
25
0 0 0 0 0 0 0 0 0 0 0 0 0 0 0 0 0 0 0 0 0 0 0 0 0 
25
0 0 0 0 0 0 0 0 0 0 6 0 0 0 0 0 0 0 1 1 1 1 1 1 2 
25
0 0 0 0 0 0 0 0 0 0 0 0 0 0 0 0 0 0 0 0 0 0 0 0 0 
25
0 0 0 0 0 0 0 0 0 0 0 0 0 0 0 0 0 1 0 0 0 0 0 0 0 
25
0 0 0 0 0 0 0 0 0 0 0 0 0 0 0 0 0 0 0 0 0 0 0 0 0 
25
0 0 0 0 0 0 0 0 0 0 0 0 0 0 0 0 0 0 0 0 0 0 0 0 0 
25
0 0 0 0 0 0 0 0 0 0 0 0 0 0 0 0 0 0 0 0 0 0 0 0 0 
25
0 0 0 0 0 0 0 0 0 0 0 0 0 0 0 0 0 0 0 0 0 0 0 0 0 
25
0 0 0 0 0 0 0 0 0 0 0 0 0 0 0 0 0 0 0 0 0 0 0 0 0 
25
0 0 0 0 0 0 0 0 0 0 0 0 0 0 0 0 0 0 0 0 0 0 0 0 0 
25
0 0 0 0 0 0 0 0 0 0 0 0 0 0 0 0 0 0 0 0 0 0 0 0 0 
11
2 1 4 1 3 4 5 6 5 6 2 
0

0

0

0

0

14
1 2 3 4 5 6 2 3 4 5 1 1 2 6 
0

1
6 
0

0

0

0

0

0

0

0

0

6
1.0000000000000000e+00 1.0000000000000000e+00 1.0000000000000000e+00 0.0000000000000000e+00 0.0000000000000000e+00 3.0000000000000000e+00 
0
0
</Stoichiometry>
</MaterialKinetics>
</Kinetics>
</opensmoke>
