<?xml version="1.0" encoding="utf-8"?>
<opensmoke version="0.1a">
<variables>
3
H2 0 1
O2 1 2
NO 2 12
</variables>
<n-parameters> 
179
</n-parameters> 
<points> 
82
</points> 
<constant-parameters> 
9.60000000e+11
4.33000000e+10
8.40000000e+11
5.00000000e+10
2.50000000e+11
3.25000000e+10
3.57000000e+01
1.11500000e+11
1.55000000e+11
4.50000000e+16
2.50000000e+10
2.11000000e+09
1.30000000e+12
1.00000000e+10
2.53000000e+09
3.00000000e+09
2.07000000e+20
9.60000000e+08
7.32000000e+07
3.00000000e+10
2.00000000e+08
1.20000000e+14
3.00000000e+10
5.00000000e+10
5.00000000e+10
4.00000000e+08
3.00000000e+10
4.80000000e+07
2.41000000e+10
6.02500000e+10
2.20000000e+13
4.00000000e+10
6.60000000e+11
6.80000000e+09
1.30000000e+05
4.50000000e+09
4.00000000e+03
5.00000000e+10
2.00000000e+11
7.00000000e+10
5.00000000e+10
8.50000000e+08
5.00000000e+10
1.00000000e+12
8.90000000e+09
1.72000000e+16
3.20000000e+15
3.50000000e+09
3.00000000e+10
9.20000000e+10
2.00000000e+10
5.00000000e+08
2.00000000e+10
4.60000000e+02
1.30000000e+03
2.50000000e+10
3.00000000e+10
2.20000000e+10
1.00000000e+10
3.80000000e+10
6.40000000e+06
3.30000000e+09
1.30000000e+10
8.50000000e+10
4.00000000e+10
3.90000000e+09
3.50000000e+13
1.60000000e+09
5.00000000e+09
1.00000000e+10
1.00000000e+10
1.00000000e+09
2.00000000e+10
5.00000000e+13
5.00000000e+10
1.00000000e+10
2.00000000e+10
1.00000000e+10
4.00000000e+09
1.00000000e+10
1.00000000e+10
1.00000000e+07
1.00000000e+11
1.00000000e+11
5.00000000e+10
5.00000000e+10
6.67000000e+10
5.00000000e+10
5.00000000e+10
5.00000000e+10
5.00000000e+10
2.20000000e+12
1.00000000e+12
2.00000000e+10
1.00000000e+10
2.00000000e+10
1.00000000e+10
2.00000000e+10
1.00000000e+10
1.00000000e+09
3.20000000e+09
1.00000000e+10
1.00000000e+09
2.10000000e+09
7.50000000e+13
2.33000000e+17
7.20000000e+09
4.00000000e+14
4.40000000e+08
1.00000000e+10
3.60000000e+10
1.00000000e+10
2.00000000e+10
2.00000000e+09
6.00000000e+08
9.00000000e+05
3.00000000e+10
1.20000000e+10
4.00000000e+09
1.00000000e+10
5.00000000e+09
1.02000000e+10
1.00000000e+13
3.00000000e+04
5.00000000e+10
3.00000000e+04
2.00000000e+04
2.00000000e+01
3.00000000e+09
6.00000000e+08
6.00000000e+10
1.00000000e+10
1.40000000e+10
1.50000000e+09
5.00000000e+07
2.50000000e+06
5.10000000e+08
8.40000000e+12
1.32000000e+11
3.90000000e+09
2.94000000e+15
6.31000000e+05
1.60000000e+09
9.60000000e+06
1.60000000e+09
9.04000000e+10
1.20000000e+20
1.90000000e+08
4.00000000e+11
3.30000000e+07
4.40000000e+11
3.19000000e+11
2.90000000e+10
1.40000000e+09
2.00000000e+09
2.40000000e+05
1.70000000e+05
1.20000000e+03
1.30000000e+29
6.42000000e+26
1.03000000e+07
1.57600000e+02
5.38800000e+02
1.12600000e+02
6.83100000e+02
3.19500000e+02
1.08300000e+03
9.00500000e+00
5.11100000e+04
7.22000000e+04
1.19800000e+04
4.06000000e+04
1.61600000e+03
5.58000000e+09
7.40000000e+10
9.64000000e+07
1.50000000e+10
2.00000000e+10
2.40000000e+10
</constant-parameters> 
</opensmoke>
