t[s](1)             T[K](2)             P[Pa](3)            V[m3](4)            rho[kg/m3](5)       MW[kg/kmol](6)      Qgas[W/m3](7)       Qsurf[W/m2](8)      RH_SURFACE(9)       Rh(s)_z(10)     H2O(s)_z(11)    H(s)_z(12)      OH(s)_z(13)     O(s)_z(14)      H2_x(15)        O2_x(16)        H2O_x(17)       O_x(18)         H_x(19)         OH_x(20)        N2_x(21)        H2_w(22)        O2_w(23)        H2O_w(24)       O_w(25)         H_w(26)         OH_w(27)        N2_w(28)        
0.000000e+00        7.000000e+02        1.013250e+05        1.000000e-04        4.319748e-01        2.481270e+01        -0.000000e+00       1.866970e+06        2.490000e-08        1.000000e+00    0.000000e+00    0.000000e+00    0.000000e+00    0.000000e+00    1.000000e-01    1.000000e-01    1.000000e-01    0.000000e+00    0.000000e+00    0.000000e+00    7.000000e-01    8.124872e-03    1.289582e-01    7.260395e-02    0.000000e+00    0.000000e+00    0.000000e+00    7.903130e-01    
2.458284e-12        7.000000e+02        1.013250e+05        1.000000e-04        4.319748e-01        2.481270e+01        -0.000000e+00       2.275027e+06        2.490000e-08        9.995761e-01    9.815601e-06    3.988350e-04    4.061819e-12    1.526471e-05    1.000000e-01    1.000000e-01    1.000000e-01    6.929762e-41    4.285682e-27    1.057878e-37    7.000000e-01    8.124871e-03    1.289582e-01    7.260395e-02    4.468247e-41    1.741031e-28    7.250852e-38    7.903130e-01    
4.108391e-11        7.000000e+02        1.013250e+05        1.000000e-04        4.319748e-01        2.481270e+01        -0.000000e+00       7.745432e+06        2.490000e-08        9.929832e-01    1.418826e-04    6.621488e-03    1.162647e-09    2.534258e-04    9.999996e-02    1.000000e-01    1.000000e-01    1.932716e-38    1.200667e-24    5.037373e-34    7.000000e-01    8.124868e-03    1.289582e-01    7.260395e-02    1.246197e-38    4.877634e-26    3.452691e-34    7.903130e-01    
1.689150e-10        7.000000e+02        1.013250e+05        1.000000e-04        4.319748e-01        2.481270e+01        -0.000000e+00       1.732123e+07        2.490000e-08        9.719564e-01    3.783133e-04    2.664542e-02    2.251635e-08    1.019805e-03    9.999983e-02    1.000000e-01    1.000000e-01    3.251532e-37    2.049624e-23    3.887170e-32    7.000001e-01    8.124856e-03    1.289581e-01    7.260395e-02    2.096557e-37    8.326466e-25    2.664325e-32    7.903131e-01    
3.501253e-10        7.000000e+02        1.013250e+05        1.000000e-04        4.319748e-01        2.481271e+01        -0.000000e+00       2.082895e+07        2.490000e-08        9.438459e-01    4.763178e-04    5.362521e-02    1.227752e-07    2.052397e-03    9.999966e-02    1.000000e-01    1.000000e-01    1.387583e-36    8.922553e-23    4.199931e-31    7.000003e-01    8.124841e-03    1.289581e-01    7.260395e-02    8.947005e-37    3.624729e-24    2.878695e-31    7.903131e-01    
5.852930e-10        7.000000e+02        1.013249e+05        1.000000e-04        4.319748e-01        2.481271e+01        -0.000000e+00       2.060914e+07        2.490000e-08        9.098082e-01    4.895300e-04    8.639526e-02    4.550335e-07    3.306582e-03    9.999945e-02    1.000000e-01    1.000001e-01    3.843316e-36    2.532860e-22    2.524527e-30    7.000005e-01    8.124822e-03    1.289581e-01    7.260395e-02    2.478134e-36    1.028958e-23    1.730348e-30    7.903131e-01    
9.180300e-10        7.000000e+02        1.013249e+05        1.000000e-04        4.319748e-01        2.481272e+01        -0.000000e+00       1.887772e+07        2.490000e-08        8.656891e-01    4.710253e-04    1.289049e-01    1.526783e-06    4.933542e-03    9.999917e-02    1.000001e-01    1.000001e-01    9.335220e-36    6.358853e-22    1.322680e-29    7.000007e-01    8.124798e-03    1.289581e-01    7.260395e-02    6.019259e-36    2.583241e-23    9.065840e-30    7.903131e-01    
1.455801e-09        7.000000e+02        1.013249e+05        1.000000e-04        4.319747e-01        2.481273e+01        -0.000000e+00       1.622373e+07        2.490000e-08        8.028492e-01    4.367291e-04    1.894571e-01    5.416907e-06    7.251514e-03    9.999879e-02    1.000001e-01    1.000001e-01    2.298411e-35    1.641562e-21    7.665971e-29    7.000010e-01    8.124763e-03    1.289581e-01    7.260396e-02    1.481992e-35    6.668731e-23    5.254366e-29    7.903132e-01    
2.628237e-09        7.000000e+02        1.013248e+05        1.000000e-04        4.319747e-01        2.481275e+01        -0.000000e+00       1.198453e+07        2.490000e-08        6.936784e-01    3.765387e-04    2.946328e-01    2.694926e-05    1.128529e-02    9.999811e-02    1.000001e-01    1.000002e-01    7.144460e-35    5.565728e-21    7.554145e-28    7.000015e-01    8.124703e-03    1.289581e-01    7.260396e-02    4.606673e-35    2.261037e-22    5.177715e-28    7.903132e-01    
5.132617e-09        7.000000e+02        1.013247e+05        1.000000e-04        4.319746e-01        2.481277e+01        -0.000000e+00       6.804050e+06        2.490000e-08        5.418081e-01    2.935411e-04    4.407559e-01    1.499213e-04    1.699261e-02    9.999717e-02    1.000002e-01    1.000003e-01    2.462330e-34    2.181722e-20    9.749212e-27    7.000023e-01    8.124619e-03    1.289580e-01    7.260397e-02    1.587683e-34    8.863081e-22    6.682238e-27    7.903134e-01    
8.921777e-09        7.000000e+02        1.013246e+05        1.000000e-04        4.319746e-01        2.481279e+01        -0.000000e+00       3.092808e+06        2.490000e-08        4.234068e-01    2.299182e-04    5.538853e-01    5.365989e-04    2.194137e-02    9.999645e-02    1.000003e-01    1.000004e-01    6.455876e-34    6.345440e-20    7.307048e-26    7.000029e-01    8.124554e-03    1.289580e-01    7.260398e-02    4.162674e-34    2.577785e-21    5.008343e-26    7.903134e-01    
1.459523e-08        7.000000e+02        1.013245e+05        1.000000e-04        4.319746e-01        2.481280e+01        -0.000000e+00       9.620496e+05        2.490000e-08        3.553535e-01    1.953042e-04    6.167958e-01    1.441638e-03    2.621367e-02    9.999604e-02    1.000003e-01    1.000005e-01    1.446179e-33    1.485642e-19    3.894362e-25    7.000032e-01    8.124518e-03    1.289580e-01    7.260399e-02    9.324791e-34    6.035300e-21    2.669244e-25    7.903135e-01    
2.262347e-08        7.000000e+02        1.013245e+05        1.000000e-04        4.319745e-01        2.481280e+01        -0.000000e+00       2.296271e+05        2.490000e-08        3.306811e-01    1.868213e-04    6.357129e-01    3.083469e-03    3.033568e-02    9.999591e-02    1.000002e-01    1.000005e-01    2.876739e-33    2.853836e-19    1.560564e-24    7.000034e-01    8.124506e-03    1.289579e-01    7.260400e-02    1.854887e-33    1.159348e-20    1.069629e-24    7.903136e-01    
3.295647e-08        7.000000e+02        1.013245e+05        1.000000e-04        4.319745e-01        2.481280e+01        -0.000000e+00       1.007346e+05        2.490000e-08        3.233868e-01    1.908290e-04    6.361671e-01    5.531749e-03    3.472356e-02    9.999590e-02    1.000002e-01    1.000005e-01    5.164740e-33    4.658453e-19    4.866598e-24    7.000034e-01    8.124505e-03    1.289579e-01    7.260400e-02    3.330163e-33    1.892459e-20    3.335626e-24    7.903136e-01    
4.926721e-08        7.000000e+02        1.013245e+05        1.000000e-04        4.319745e-01        2.481280e+01        -0.000000e+00       8.927792e+04        2.490000e-08        3.177540e-01    2.028223e-04    6.313831e-01    9.911008e-03    4.074913e-02    9.999591e-02    1.000001e-01    1.000005e-01    9.791067e-33    7.480688e-19    1.617256e-23    7.000035e-01    8.124506e-03    1.289578e-01    7.260401e-02    6.313164e-33    3.038969e-20    1.108487e-23    7.903137e-01    
7.791319e-08        7.000000e+02        1.013245e+05        1.000000e-04        4.319744e-01        2.481280e+01        -0.000000e+00       9.070815e+04        2.490000e-08        3.089886e-01    2.307702e-04    6.226521e-01    1.866279e-02    4.946570e-02    9.999592e-02    1.000000e-01    1.000005e-01    2.099748e-32    1.232306e-18    6.601519e-23    7.000036e-01    8.124507e-03    1.289577e-01    7.260402e-02    1.353893e-32    5.006144e-20    4.524763e-23    7.903138e-01    
1.280254e-07        7.000000e+02        1.013245e+05        1.000000e-04        4.319743e-01        2.481280e+01        -0.000000e+00       8.950227e+04        2.490000e-08        2.948407e-01    2.988892e-04    6.083900e-01    3.567973e-02    6.079072e-02    9.999592e-02    9.999984e-02    1.000005e-01    5.009305e-32    2.046658e-18    3.376103e-22    7.000037e-01    8.124508e-03    1.289574e-01    7.260404e-02    3.229940e-32    8.314382e-20    2.314023e-22    7.903140e-01    
1.927153e-07        7.000000e+02        1.013244e+05        1.000000e-04        4.319741e-01        2.481280e+01        -0.000000e+00       8.591291e+04        2.490000e-08        2.785584e-01    4.243126e-04    5.916111e-01    5.834432e-02    7.106192e-02    9.999591e-02    9.999963e-02    1.000006e-01    1.048554e-31    3.042992e-18    1.461834e-21    7.000039e-01    8.124507e-03    1.289572e-01    7.260406e-02    6.760955e-32    1.236191e-19    1.001959e-21    7.903143e-01    
2.168673e-07        7.000000e+02        1.013244e+05        1.000000e-04        4.319741e-01        2.481280e+01        -0.000000e+00       8.514154e+04        2.490000e-08        2.729938e-01    4.827192e-04    5.857524e-01    6.663791e-02    7.413312e-02    9.999590e-02    9.999956e-02    1.000006e-01    1.300349e-31    3.400693e-18    2.285532e-21    7.000040e-01    8.124506e-03    1.289571e-01    7.260407e-02    8.384497e-32    1.381504e-19    1.566532e-21    7.903144e-01    
3.000184e-07        7.000000e+02        1.013244e+05        1.000000e-04        4.319740e-01        2.481280e+01        -0.000000e+00       8.876102e+04        2.490000e-08        2.557067e-01    7.364972e-04    5.670336e-01    9.371322e-02    8.280995e-02    9.999587e-02    9.999933e-02    1.000006e-01    2.354286e-31    4.579509e-18    8.276447e-21    7.000042e-01    8.124504e-03    1.289568e-01    7.260409e-02    1.518016e-31    1.860389e-19    5.672779e-21    7.903146e-01    
3.811338e-07        7.000000e+02        1.013244e+05        1.000000e-04        4.319738e-01        2.481280e+01        -0.000000e+00       1.065443e+05        2.490000e-08        2.412814e-01    1.069387e-03    5.506808e-01    1.174972e-01    8.947124e-02    9.999583e-02    9.999914e-02    1.000006e-01    3.651470e-31    5.659811e-18    2.255057e-20    7.000044e-01    8.124501e-03    1.289565e-01    7.260412e-02    2.354425e-31    2.299253e-19    1.545644e-20    7.903149e-01    
4.532386e-07        7.000000e+02        1.013243e+05        1.000000e-04        4.319737e-01        2.481280e+01        -0.000000e+00       1.384081e+05        2.490000e-08        2.301990e-01    1.440369e-03    5.375499e-01    1.363497e-01    9.446102e-02    9.999580e-02    9.999899e-02    1.000007e-01    5.021058e-31    6.570308e-18    4.773352e-20    7.000046e-01    8.124498e-03    1.289563e-01    7.260414e-02    3.237519e-31    2.669135e-19    3.271715e-20    7.903150e-01    
5.712514e-07        7.000000e+02        1.013243e+05        1.000000e-04        4.319736e-01        2.481280e+01        -0.000000e+00       2.293550e+05        2.490000e-08        2.151637e-01    2.195270e-03    5.187114e-01    1.625856e-01    1.013441e-01    9.999574e-02    9.999876e-02    1.000007e-01    7.693144e-31    7.974809e-18    1.323107e-19    7.000048e-01    8.124493e-03    1.289560e-01    7.260419e-02    4.960448e-31    3.239702e-19    9.068738e-20    7.903153e-01    
6.370573e-07        7.000000e+02        1.013243e+05        1.000000e-04        4.319735e-01        2.481280e+01        -0.000000e+00       3.010430e+05        2.490000e-08        2.082998e-01    2.682535e-03    5.096002e-01    1.747594e-01    1.046580e-01    9.999569e-02    9.999864e-02    1.000008e-01    9.411275e-31    8.718668e-18    2.137039e-19    7.000049e-01    8.124489e-03    1.289559e-01    7.260422e-02    6.068279e-31    3.541889e-19    1.464753e-19    7.903154e-01    
7.773431e-07        7.000000e+02        1.013243e+05        1.000000e-04        4.319734e-01        2.481280e+01        -0.000000e+00       4.898530e+05        2.490000e-08        1.969088e-01    3.793222e-03    4.934811e-01    1.950595e-01    1.107574e-01    9.999556e-02    9.999842e-02    1.000009e-01    1.360523e-30    1.022907e-17    5.006460e-19    7.000051e-01    8.124478e-03    1.289556e-01    7.260432e-02    8.772494e-31    4.155479e-19    3.431490e-19    7.903156e-01    
9.428022e-07        7.000000e+02        1.013242e+05        1.000000e-04        4.319733e-01        2.481280e+01        -0.000000e+00       7.235646e+05        2.490000e-08        1.882256e-01    4.990532e-03    4.799948e-01    2.102017e-01    1.165873e-01    9.999533e-02    9.999818e-02    1.000012e-01    1.944215e-30    1.191146e-17    1.073661e-18    7.000053e-01    8.124459e-03    1.289553e-01    7.260450e-02    1.253607e-30    4.838934e-19    7.359001e-19    7.903158e-01    
1.143839e-06        7.000000e+02        1.013242e+05        1.000000e-04        4.319733e-01        2.481281e+01        -0.000000e+00       9.400208e+05        2.490000e-08        1.824648e-01    5.954270e-03    4.701905e-01    2.193261e-01    1.220643e-01    9.999497e-02    9.999790e-02    1.000016e-01    2.772046e-30    1.386451e-17    2.096945e-18    7.000055e-01    8.124428e-03    1.289549e-01    7.260480e-02    1.787382e-30    5.632344e-19    1.437272e-18    7.903159e-01    
1.409906e-06        7.000000e+02        1.013242e+05        1.000000e-04        4.319732e-01        2.481281e+01        -0.000000e+00       1.088070e+06        2.490000e-08        1.791140e-01    6.462189e-03    4.640499e-01    2.232443e-01    1.271296e-01    9.999438e-02    9.999755e-02    1.000023e-01    4.035966e-30    1.636943e-17    3.841875e-18    7.000058e-01    8.124378e-03    1.289544e-01    7.260526e-02    2.602342e-30    6.649946e-19    2.633267e-18    7.903160e-01    
1.748299e-06        7.000000e+02        1.013241e+05        1.000000e-04        4.319732e-01        2.481282e+01        -0.000000e+00       1.153456e+06        2.490000e-08        1.775918e-01    6.557318e-03    4.611229e-01    2.237721e-01    1.309559e-01    9.999355e-02    9.999712e-02    1.000032e-01    5.845106e-30    1.949993e-17    6.401879e-18    7.000061e-01    8.124307e-03    1.289538e-01    7.260591e-02    3.768851e-30    7.921681e-19    4.387923e-18    7.903160e-01    
2.439496e-06        7.000000e+02        1.013240e+05        1.000000e-04        4.319732e-01        2.481285e+01        -0.000000e+00       1.180072e+06        2.490000e-08        1.768185e-01    6.488147e-03    4.595918e-01    2.230892e-01    1.340124e-01    9.999177e-02    9.999626e-02    1.000052e-01    9.905631e-30    2.583506e-17    1.206034e-17    7.000068e-01    8.124155e-03    1.289526e-01    7.260729e-02    6.387022e-30    1.049527e-18    8.266292e-18    7.903160e-01    
3.512443e-06        7.000000e+02        1.013239e+05        1.000000e-04        4.319732e-01        2.481288e+01        -0.000000e+00       1.184722e+06        2.490000e-08        1.766451e-01    6.452530e-03    4.592399e-01    2.227718e-01    1.348906e-01    9.998895e-02    9.999492e-02    1.000083e-01    1.650727e-29    3.562800e-17    2.112018e-17    7.000078e-01    8.123914e-03    1.289506e-01    7.260945e-02    1.064365e-29    1.447354e-18    1.447598e-17    7.903160e-01    
5.533082e-06        7.000000e+02        1.013236e+05        1.000000e-04        4.319732e-01        2.481295e+01        -0.000000e+00       1.185228e+06        2.490000e-08        1.766274e-01    6.448334e-03    4.591955e-01    2.227318e-01    1.349969e-01    9.998363e-02    9.999239e-02    1.000142e-01    2.906069e-29    5.402586e-17    3.828229e-17    7.000098e-01    8.123459e-03    1.289470e-01    7.261351e-02    1.873787e-29    2.194743e-18    2.623899e-17    7.903160e-01    
1.019395e-05        7.000000e+02        1.013229e+05        1.000000e-04        4.319732e-01        2.481311e+01        -0.000000e+00       1.185234e+06        2.490000e-08        1.766327e-01    6.449042e-03    4.591859e-01    2.227311e-01    1.350014e-01    9.997136e-02    9.998658e-02    1.000278e-01    5.803709e-29    9.629145e-17    7.787515e-17    7.000143e-01    8.122409e-03    1.289387e-01    7.262289e-02    3.742116e-29    3.911713e-18    5.337592e-17    7.903160e-01    
7.261823e-05        7.000000e+02        1.013142e+05        1.000000e-04        4.319732e-01        2.481526e+01        -0.000000e+00       1.185205e+06        2.490000e-08        1.767070e-01    6.459461e-03    4.590648e-01    2.227290e-01    1.350397e-01    9.980698e-02    9.990872e-02    1.002094e-01    4.463238e-28    6.401233e-16    6.068717e-16    7.000749e-01    8.108352e-03    1.288271e-01    7.274850e-02    2.877558e-28    2.600192e-17    4.159161e-16    7.903160e-01    
1.417141e-03        7.000000e+02        1.011254e+05        1.000000e-04        4.319732e-01        2.486158e+01        -0.000000e+00       1.184694e+06        2.490000e-08        1.783394e-01    6.685375e-03    4.563946e-01    2.226778e-01    1.359028e-01    9.626041e-02    9.822875e-02    1.041293e-01    8.901565e-27    6.192386e-15    1.144279e-14    7.013815e-01    7.805660e-03    1.264249e-01    7.545338e-02    5.728363e-27    2.510672e-16    7.827644e-15    7.903160e-01    
9.958631e-03        7.000000e+02        9.992597e+04        1.000000e-04        4.319732e-01        2.516000e+01        -0.000000e+00       1.188338e+06        2.490000e-08        1.904841e-01    8.180838e-03    4.359182e-01    2.218552e-01    1.435615e-01    7.340898e-02    8.740426e-02    1.293863e-01    6.814974e-26    6.656602e-15    6.129938e-14    7.098005e-01    5.882056e-03    1.111590e-01    9.264284e-02    4.333576e-26    2.666874e-16    4.143556e-14    7.903161e-01    
1.695027e-02        7.000000e+02        9.893517e+04        1.000000e-04        4.319731e-01        2.541196e+01        -0.000000e+00       1.207777e+06        2.490000e-08        2.039528e-01    9.425341e-03    4.118604e-01    2.198762e-01    1.548852e-01    5.411497e-02    7.826483e-02    1.507114e-01    1.294632e-25    5.709767e-15    8.882711e-14    7.169088e-01    4.293087e-03    9.854878e-02    1.068420e-01    8.150813e-26    2.264857e-16    5.944770e-14    7.903161e-01    
2.046621e-02        7.000000e+02        9.842796e+04        1.000000e-04        4.319731e-01        2.554291e+01        -0.000000e+00       1.229616e+06        2.490000e-08        2.128793e-01    9.983290e-03    3.950678e-01    2.178125e-01    1.642571e-01    4.408763e-02    7.351491e-02    1.617943e-01    1.697038e-25    5.140362e-15    1.026061e-13    7.206031e-01    3.479661e-03    9.209326e-02    1.141109e-01    1.062953e-25    2.028541e-16    6.831725e-14    7.903162e-01    
2.211660e-02        7.000000e+02        9.818612e+04        1.000000e-04        4.319731e-01        2.560583e+01        -0.000000e+00       1.244952e+06        2.490000e-08        2.178751e-01    1.019538e-02    3.853527e-01    2.163537e-01    1.702231e-01    3.926995e-02    7.123278e-02    1.671192e-01    1.926892e-25    4.840755e-15    1.101037e-13    7.223781e-01    3.091805e-03    8.901514e-02    1.175768e-01    1.203958e-25    1.905613e-16    7.312921e-14    7.903162e-01    
2.523870e-02        7.000000e+02        9.771821e+04        1.000000e-04        4.319730e-01        2.572843e+01        -0.000000e+00       1.289423e+06        2.490000e-08        2.295448e-01    1.039592e-02    3.616911e-01    2.119744e-01    1.863938e-01    2.988128e-02    6.678532e-02    1.774963e-01    2.494948e-25    4.191072e-15    1.288999e-13    7.258371e-01    2.341404e-03    8.305972e-02    1.242826e-01    1.551461e-25    1.641997e-16    8.520538e-14    7.903163e-01    
2.705040e-02        7.000000e+02        9.743727e+04        1.000000e-04        4.319730e-01        2.580261e+01        -0.000000e+00       1.331304e+06        2.490000e-08        2.384326e-01    1.026408e-02    3.426445e-01    2.075969e-01    2.010620e-01    2.420088e-02    6.409444e-02    1.837748e-01    2.978449e-25    3.740323e-15    1.457396e-13    7.279299e-01    1.890854e-03    7.948395e-02    1.283088e-01    1.846798e-25    1.461187e-16    9.605979e-14    7.903163e-01    
2.849389e-02        7.000000e+02        9.720566e+04        1.000000e-04        4.319730e-01        2.586409e+01        -0.000000e+00       1.380678e+06        2.490000e-08        2.474473e-01    9.879180e-03    3.222329e-01    2.020793e-01    2.183613e-01    1.949315e-02    6.186427e-02    1.889783e-01    3.544851e-25    3.318656e-15    1.663585e-13    7.296643e-01    1.519411e-03    7.653596e-02    1.316282e-01    2.192773e-25    1.293378e-16    1.093895e-13    7.903164e-01    
2.974480e-02        7.000000e+02        9.699667e+04        1.000000e-04        4.319729e-01        2.591981e+01        -0.000000e+00       1.444371e+06        2.490000e-08        2.576096e-01    9.151740e-03    2.975330e-01    1.943101e-01    2.413956e-01    1.522586e-02    5.984269e-02    1.936950e-01    4.334132e-25    2.881797e-15    1.957966e-13    7.312364e-01    1.184242e-03    7.387577e-02    1.346235e-01    2.675242e-25    1.120707e-16    1.284698e-13    7.903165e-01    
3.054772e-02        7.000000e+02        9.685663e+04        1.000000e-04        4.319729e-01        2.595729e+01        -0.000000e+00       1.503602e+06        2.490000e-08        2.660718e-01    8.319539e-03    2.750833e-01    1.862765e-01    2.642489e-01    1.235608e-02    5.848309e-02    1.968671e-01    5.198337e-25    2.544928e-15    2.277151e-13    7.322937e-01    9.596477e-04    7.209311e-02    1.366306e-01    3.204040e-25    9.882727e-17    1.491970e-13    7.903166e-01    
3.117879e-02        7.000000e+02        9.674196e+04        1.000000e-04        4.319728e-01        2.598805e+01        -0.000000e+00       1.567625e+06        2.490000e-08        2.744760e-01    7.293304e-03    2.502240e-01    1.763801e-01    2.916266e-01    1.000005e-02    5.736681e-02    1.994714e-01    6.399171e-25    2.229384e-15    2.700233e-13    7.331617e-01    7.757446e-04    7.063334e-02    1.382742e-01    3.939515e-25    8.647123e-17    1.767076e-13    7.903167e-01    
3.149085e-02        7.000000e+02        9.668329e+04        1.000000e-04        4.319728e-01        2.600382e+01        -0.000000e+00       1.607767e+06        2.490000e-08        2.794548e-01    6.584156e-03    2.336145e-01    1.692164e-01    3.111301e-01    8.792491e-03    5.679463e-02    2.008063e-01    7.405558e-25    2.048069e-15    3.031750e-13    7.336066e-01    6.816560e-04    6.988644e-02    1.391151e-01    4.556312e-25    7.939040e-17    1.982823e-13    7.903168e-01    
3.183077e-02        7.000000e+02        9.661755e+04        1.000000e-04        4.319727e-01        2.602151e+01        -0.000000e+00       1.659477e+06        2.490000e-08        2.856400e-01    5.565377e-03    2.095162e-01    1.580687e-01    3.412097e-01    7.437542e-03    5.615253e-02    2.023041e-01    9.292884e-25    1.821812e-15    3.598085e-13    7.341058e-01    5.762189e-04    6.904936e-02    1.400575e-01    5.713613e-25    7.057188e-17    2.351617e-13    7.903169e-01    
3.211302e-02        7.000000e+02        9.656129e+04        1.000000e-04        4.319726e-01        2.603667e+01        -0.000000e+00       1.706021e+06        2.490000e-08        2.911539e-01    4.407240e-03    1.805252e-01    1.434793e-01    3.804343e-01    6.276645e-03    5.560229e-02    2.035876e-01    1.261361e-24    1.599844e-15    4.451452e-13    7.345335e-01    4.859960e-04    6.833293e-02    1.408640e-01    7.750804e-25    6.193738e-17    2.907663e-13    7.903170e-01    
3.232049e-02        7.000000e+02        9.651905e+04        1.000000e-04        4.319725e-01        2.604805e+01        -0.000000e+00       1.726923e+06        2.490000e-08        2.941360e-01    3.245228e-03    1.479464e-01    1.254504e-01    4.292220e-01    5.404270e-03    5.518863e-02    2.045522e-01    1.886779e-24    1.405407e-15    5.732434e-13    7.348549e-01    4.182657e-04    6.779493e-02    1.414696e-01    1.158880e-24    5.438602e-17    3.742756e-13    7.903172e-01    
3.244343e-02        7.000000e+02        9.649402e+04        1.000000e-04        4.319724e-01        2.605480e+01        -0.000000e+00       1.702057e+06        2.490000e-08        2.927754e-01    2.344837e-03    1.184674e-01    1.074000e-01    4.790124e-01    4.886935e-03    5.494317e-02    2.051243e-01    2.936726e-24    1.270792e-15    7.360456e-13    7.350456e-01    3.781284e-04    6.747590e-02    1.418285e-01    1.803302e-24    4.916400e-17    4.804460e-13    7.903174e-01    
3.251231e-02        7.000000e+02        9.648036e+04        1.000000e-04        4.319723e-01        2.605849e+01        -0.000000e+00       1.637512e+06        2.490000e-08        2.876510e-01    1.734847e-03    9.501509e-02    9.156565e-02    5.240334e-01    4.604517e-03    5.480902e-02    2.054368e-01    4.518799e-24    1.186597e-15    9.206012e-13    7.351496e-01    3.562258e-04    6.730165e-02    1.420245e-01    2.774384e-24    4.590020e-17    6.008278e-13    7.903176e-01    
3.256205e-02        7.000000e+02        9.647101e+04        1.000000e-04        4.319722e-01        2.606101e+01        -0.000000e+00       1.520222e+06        2.490000e-08        2.775883e-01    1.237724e-03    7.260640e-02    7.484851e-02    5.737191e-01    4.411383e-03    5.471715e-02    2.056506e-01    7.565962e-24    1.121327e-15    1.183114e-12    7.352209e-01    3.412511e-04    6.718234e-02    1.421586e-01    4.644787e-24    4.337121e-17    7.720818e-13    7.903178e-01    
3.258578e-02        7.000000e+02        9.646687e+04        1.000000e-04        4.319721e-01        2.606212e+01        -0.000000e+00       1.417743e+06        2.490000e-08        2.683428e-01    9.887428e-04    5.976104e-02    6.437219e-02    6.065352e-01    4.325919e-03    5.467642e-02    2.057453e-01    1.093890e-23    1.089099e-15    1.406000e-12    7.352524e-01    3.346256e-04    6.712946e-02    1.422179e-01    6.715167e-24    4.212289e-17    9.174942e-13    7.903180e-01    
3.261609e-02        7.000000e+02        9.646212e+04        1.000000e-04        4.319720e-01        2.606339e+01        -0.000000e+00       1.208476e+06        2.490000e-08        2.482186e-01    6.794919e-04    4.166794e-02    4.819360e-02    6.612403e-01    4.228007e-03    5.462963e-02    2.058538e-01    2.161948e-23    1.047797e-15    1.922271e-12    7.352886e-01    3.270358e-04    6.706873e-02    1.422860e-01    1.327111e-23    4.052348e-17    1.254329e-12    7.903182e-01    
3.264776e-02        7.000000e+02        9.645817e+04        1.000000e-04        4.319718e-01        2.606445e+01        -0.000000e+00       8.784205e+05        2.490000e-08        2.122804e-01    4.134668e-04    2.361214e-02    2.995877e-02    7.337352e-01    4.146669e-03    5.459057e-02    2.059440e-01    6.379852e-23    1.006784e-15    3.182828e-12    7.353188e-01    3.207313e-04    6.701806e-02    1.423426e-01    3.916110e-23    3.893572e-17    2.076788e-12    7.903186e-01    
3.266416e-02        7.000000e+02        9.645663e+04        1.000000e-04        4.319716e-01        2.606486e+01        -0.000000e+00       6.898986e+05        2.490000e-08        1.884979e-01    3.154146e-04    1.637989e-02    2.199333e-02    7.728135e-01    4.115290e-03    5.457542e-02    2.059788e-01    1.280807e-22    9.876813e-16    4.480214e-12    7.353305e-01    3.182993e-04    6.699842e-02    1.423644e-01    7.861784e-23    3.819637e-17    2.923285e-12    7.903188e-01    
3.269153e-02        7.000000e+02        9.645482e+04        1.000000e-04        4.319715e-01        2.606534e+01        -0.000000e+00       4.350793e+05        2.490000e-08        1.502007e-01    2.119040e-04    8.808396e-03    1.329437e-02    8.274846e-01    4.078319e-03    5.455752e-02    2.060199e-01    4.166308e-22    9.603701e-16    8.367490e-12    7.353443e-01    3.154340e-04    6.697521e-02    1.423902e-01    2.557295e-22    3.713948e-17    5.459584e-12    7.903192e-01    
3.269824e-02        7.000000e+02        9.645449e+04        1.000000e-04        4.319714e-01        2.606542e+01        -0.000000e+00       3.920839e+05        2.490000e-08        1.427062e-01    1.962465e-04    7.729228e-03    1.202889e-02    8.373394e-01    4.071545e-03    5.455424e-02    2.060274e-01    5.412289e-22    9.545192e-16    9.705472e-12    7.353468e-01    3.149090e-04    6.697096e-02    1.423949e-01    3.322072e-22    3.691309e-17    6.332564e-12    7.903192e-01    
3.271607e-02        7.000000e+02        9.645374e+04        1.000000e-04        4.319714e-01        2.606562e+01        -0.000000e+00       3.169868e+05        2.490000e-08        1.285966e-01    1.694278e-04    5.964718e-03    9.944907e-03    8.553244e-01    4.056274e-03    5.454688e-02    2.060443e-01    9.866003e-22    9.402061e-16    1.390108e-11    7.353525e-01    3.137254e-04    6.696141e-02    1.424055e-01    6.055722e-22    3.635930e-17    9.070020e-12    7.903193e-01    
3.273348e-02        7.000000e+02        9.645312e+04        1.000000e-04        4.319713e-01        2.606579e+01        -0.000000e+00       2.836935e+05        2.490000e-08        1.218862e-01    1.576822e-04    5.230139e-03    9.074329e-03    8.636516e-01    4.043574e-03    5.454080e-02    2.060584e-01    1.544293e-21    9.273744e-16    1.860383e-11    7.353572e-01    3.127412e-04    6.695353e-02    1.424143e-01    9.478762e-22    3.586285e-17    1.213833e-11    7.903194e-01    
3.276474e-02        7.000000e+02        9.645211e+04        1.000000e-04        4.319713e-01        2.606606e+01        -0.000000e+00       2.621818e+05        2.490000e-08        1.174975e-01    1.502892e-04    4.771480e-03    8.541624e-03    8.690391e-01    4.022818e-03    5.453093e-02    2.060813e-01    2.690048e-21    9.056784e-16    2.768470e-11    7.353649e-01    3.111326e-04    6.694072e-02    1.424287e-01    1.651116e-21    3.502347e-17    1.806309e-11    7.903194e-01    
3.281095e-02        7.000000e+02        9.645072e+04        1.000000e-04        4.319713e-01        2.606643e+01        -0.000000e+00       2.476854e+05        2.490000e-08        1.146155e-01    1.455400e-04    4.469819e-03    8.205856e-03    8.725633e-01    3.993998e-03    5.451725e-02    2.061132e-01    4.526069e-21    8.753532e-16    4.168171e-11    7.353755e-01    3.088992e-04    6.692296e-02    1.424487e-01    2.778001e-21    3.385028e-17    2.719516e-11    7.903195e-01    
3.282602e-02        7.000000e+02        9.645028e+04        1.000000e-04        4.319713e-01        2.606655e+01        -0.000000e+00       2.438792e+05        2.490000e-08        1.138614e-01    1.443110e-04    4.391607e-03    8.119805e-03    8.734829e-01    3.984918e-03    5.451295e-02    2.061232e-01    5.150199e-21    8.658245e-16    4.634296e-11    7.353789e-01    3.081955e-04    6.691737e-02    1.424550e-01    3.161063e-21    3.348165e-17    3.023625e-11    7.903195e-01    
3.282627e-02        7.000000e+02        9.645027e+04        1.000000e-04        4.319713e-01        2.606656e+01        -0.000000e+00       2.438064e+05        2.490000e-08        1.138489e-01    1.442925e-04    4.390572e-03    8.119171e-03    8.734971e-01    3.984771e-03    5.451288e-02    2.061234e-01    5.160472e-21    8.656704e-16    4.641933e-11    7.353789e-01    3.081841e-04    6.691728e-02    1.424551e-01    3.167368e-21    3.347569e-17    3.028607e-11    7.903195e-01    
3.282726e-02        7.000000e+02        9.645024e+04        1.000000e-04        4.319713e-01        2.606656e+01        -0.000000e+00       2.435524e+05        2.490000e-08        1.137985e-01    1.442246e-04    4.385870e-03    8.118892e-03    8.735526e-01    3.984181e-03    5.451260e-02    2.061241e-01    5.201781e-21    8.650519e-16    4.672646e-11    7.353792e-01    3.081384e-04    6.691692e-02    1.424555e-01    3.192722e-21    3.345176e-17    3.048645e-11    7.903195e-01    
3.283826e-02        7.000000e+02        9.644993e+04        1.000000e-04        4.319713e-01        2.606665e+01        -0.000000e+00       2.408066e+05        2.490000e-08        1.132476e-01    1.434888e-04    4.333974e-03    8.117693e-03    8.741572e-01    3.977647e-03    5.450950e-02    2.061313e-01    5.665019e-21    8.582093e-16    5.017392e-11    7.353816e-01    3.076321e-04    6.691289e-02    1.424600e-01    3.477035e-21    3.318704e-17    3.273562e-11    7.903195e-01    
3.287695e-02        7.000000e+02        9.644884e+04        1.000000e-04        4.319713e-01        2.606694e+01        -0.000000e+00       2.320656e+05        2.490000e-08        1.114867e-01    1.411341e-04    4.169517e-03    8.112161e-03    8.760905e-01    3.955232e-03    5.449887e-02    2.061561e-01    7.335821e-21    8.348257e-16    6.265381e-11    7.353898e-01    3.058951e-04    6.689909e-02    1.424755e-01    4.502477e-21    3.228244e-17    4.087758e-11    7.903195e-01    
3.302505e-02        7.000000e+02        9.644500e+04        1.000000e-04        4.319713e-01        2.606798e+01        -0.000000e+00       2.076036e+05        2.490000e-08        1.065204e-01    1.344694e-04    3.715370e-03    8.080626e-03    8.815492e-01    3.875748e-03    5.446117e-02    2.062439e-01    1.424394e-20    7.536338e-16    1.147358e-10    7.354192e-01    2.997358e-04    6.685016e-02    1.425306e-01    8.742097e-21    2.914161e-17    7.485472e-11    7.903195e-01    
3.329831e-02        7.000000e+02        9.643876e+04        1.000000e-04        4.319713e-01        2.606966e+01        -0.000000e+00       1.800164e+05        2.490000e-08        1.008826e-01    1.268533e-04    3.213668e-03    8.009247e-03    8.877676e-01    3.746694e-03    5.440000e-02    2.063866e-01    2.857189e-20    6.302661e-16    2.236648e-10    7.354667e-01    2.897366e-04    6.677075e-02    1.426199e-01    1.753462e-20    2.436964e-17    1.459117e-10    7.903196e-01    
3.365147e-02        7.000000e+02        9.643172e+04        1.000000e-04        4.319712e-01        2.607157e+01        -0.000000e+00       1.578920e+05        2.490000e-08        9.637119e-02    1.207097e-04    2.818844e-03    7.915600e-03    8.927737e-01    3.601058e-03    5.433097e-02    2.065476e-01    4.922033e-20    5.067778e-16    3.805302e-10    7.355204e-01    2.784540e-04    6.668117e-02    1.427208e-01    3.020440e-20    1.959345e-17    2.482274e-10    7.903196e-01    
3.411708e-02        7.000000e+02        9.642358e+04        1.000000e-04        4.319712e-01        2.607377e+01        -0.000000e+00       1.385705e+05        2.490000e-08        9.247313e-02    1.153554e-04    2.478972e-03    7.799027e-03    8.971335e-01    3.432488e-03    5.425109e-02    2.067339e-01    7.905084e-20    3.862600e-16    6.048553e-10    7.355825e-01    2.653969e-04    6.657751e-02    1.428375e-01    4.850601e-20    1.493264e-17    3.945258e-10    7.903196e-01    
3.456392e-02        7.000000e+02        9.641661e+04        1.000000e-04        4.319712e-01        2.607565e+01        -0.000000e+00       1.252595e+05        2.490000e-08        8.982856e-02    1.116915e-04    2.247153e-03    7.694999e-03    9.001176e-01    3.288222e-03    5.418273e-02    2.068933e-01    1.097726e-19    3.017120e-16    8.321639e-10    7.356357e-01    2.542240e-04    6.648881e-02    1.429373e-01    6.735215e-20    1.166321e-17    5.427520e-10    7.903197e-01    
3.522558e-02        7.000000e+02        9.640739e+04        1.000000e-04        4.319712e-01        2.607814e+01        -0.000000e+00       1.105991e+05        2.490000e-08        8.697143e-02    1.076958e-04    1.993633e-03    7.552667e-03    9.033746e-01    3.097387e-03    5.409231e-02    2.071043e-01    1.581518e-19    2.137463e-16    1.181941e-09    7.357060e-01    2.394470e-04    6.637151e-02    1.430694e-01    9.702647e-20    8.261948e-18    7.708094e-10    7.903197e-01    
3.643928e-02        7.000000e+02        9.639292e+04        1.000000e-04        4.319712e-01        2.608206e+01        -0.000000e+00       9.196806e+04        2.490000e-08        8.345274e-02    1.027014e-04    1.673379e-03    7.318455e-03    9.074527e-01    2.797616e-03    5.395029e-02    2.074356e-01    2.535950e-19    1.207895e-16    1.843134e-09    7.358165e-01    2.162403e-04    6.618731e-02    1.432767e-01    1.555578e-19    4.668182e-18    1.201829e-09    7.903197e-01    
3.722006e-02        7.000000e+02        9.638483e+04        1.000000e-04        4.319712e-01        2.608424e+01        -0.000000e+00       8.315185e+04        2.490000e-08        8.184246e-02    1.003780e-04    1.522225e-03    7.181184e-03    9.093538e-01    2.630081e-03    5.387091e-02    2.076208e-01    3.185054e-19    8.731798e-17    2.272069e-09    7.358782e-01    2.032738e-04    6.608439e-02    1.433926e-01    1.953581e-19    3.374318e-18    1.481395e-09    7.903197e-01    
3.848472e-02        7.000000e+02        9.637325e+04        1.000000e-04        4.319712e-01        2.608738e+01        -0.000000e+00       7.193310e+04        2.490000e-08        7.985474e-02    9.746302e-05    1.329835e-03    6.974912e-03    9.117431e-01    2.390098e-03    5.375722e-02    2.078860e-01    4.281258e-19    5.559259e-17    2.961116e-09    7.359667e-01    1.847038e-04    6.593700e-02    1.435586e-01    2.625631e-19    2.148063e-18    1.930424e-09    7.903197e-01    
4.115864e-02        7.000000e+02        9.635328e+04        1.000000e-04        4.319711e-01        2.609279e+01        -0.000000e+00       5.539273e+04        2.490000e-08        7.707428e-02    9.325297e-05    1.045007e-03    6.584375e-03    9.152031e-01    1.975991e-03    5.356104e-02    2.083437e-01    6.735390e-19    2.858146e-17    4.358945e-09    7.361192e-01    1.526705e-04    6.568275e-02    1.438448e-01    4.129858e-19    1.104141e-18    2.841114e-09    7.903198e-01    
4.373608e-02        7.000000e+02        9.633811e+04        1.000000e-04        4.319711e-01        2.609689e+01        -0.000000e+00       4.453176e+04        2.490000e-08        7.536822e-02    9.053993e-05    8.561589e-04    6.247278e-03    9.174378e-01    1.661477e-03    5.341204e-02    2.086914e-01    9.226603e-19    1.973954e-17    5.598351e-09    7.362351e-01    1.283501e-04    6.548973e-02    1.440622e-01    5.656475e-19    7.624453e-19    3.648371e-09    7.903198e-01    
4.791239e-02        7.000000e+02        9.631927e+04        1.000000e-04        4.319711e-01        2.610200e+01        -0.000000e+00       3.248991e+04        2.490000e-08        7.362128e-02    8.755971e-05    6.435015e-04    5.754422e-03    9.198932e-01    1.270593e-03    5.322687e-02    2.091234e-01    1.343986e-18    1.381038e-17    7.345675e-09    7.363791e-01    9.813483e-05    6.524992e-02    1.443322e-01    8.237851e-19    5.333255e-19    4.786143e-09    7.903198e-01    
5.073243e-02        7.000000e+02        9.630942e+04        1.000000e-04        4.319711e-01        2.610467e+01        -0.000000e+00       2.669525e+04        2.490000e-08        7.285129e-02    8.612243e-05    5.392161e-04    5.448614e-03    9.210748e-01    1.066246e-03    5.313006e-02    2.093493e-01    1.637244e-18    1.149400e-17    8.339204e-09    7.364544e-01    8.234361e-05    6.512459e-02    1.444733e-01    1.003432e-18    4.438268e-19    5.432931e-09    7.903198e-01    
5.707890e-02        7.000000e+02        9.629303e+04        1.000000e-04        4.319711e-01        2.610911e+01        -0.000000e+00       1.764349e+04        2.490000e-08        7.178132e-02    8.383322e-05    3.721847e-04    4.818545e-03    9.229441e-01    7.259634e-04    5.296886e-02    2.097254e-01    2.314167e-18    7.954910e-18    1.005556e-08    7.365798e-01    5.605485e-05    6.491594e-02    1.447082e-01    1.418063e-18    3.071169e-19    6.550011e-09    7.903198e-01    
6.682302e-02        7.000000e+02        9.627773e+04        1.000000e-04        4.319711e-01        2.611326e+01        -0.000000e+00       9.723184e+03        2.490000e-08        7.106816e-02    8.168854e-05    2.190113e-04    3.970736e-03    9.246604e-01    4.081879e-04    5.281832e-02    2.100766e-01    3.379977e-18    4.702194e-18    1.148746e-08    7.366969e-01    3.151298e-05    6.472117e-02    1.449275e-01    2.070835e-18    1.815098e-19    7.481536e-09    7.903198e-01    
6.797808e-02        7.000000e+02        9.627644e+04        1.000000e-04        4.319711e-01        2.611361e+01        -0.000000e+00       9.076202e+03        2.490000e-08        7.102579e-02    8.149992e-05    2.060277e-04    3.878387e-03    9.248083e-01    3.814849e-04    5.280567e-02    2.101061e-01    3.507531e-18    4.424489e-18    1.157632e-08    7.367067e-01    2.945107e-05    6.470480e-02    1.449459e-01    2.148956e-18    1.707878e-19    7.539302e-09    7.903198e-01    
7.560673e-02        7.000000e+02        9.626984e+04        1.000000e-04        4.319711e-01        2.611540e+01        -0.000000e+00       5.788957e+03        2.490000e-08        7.087656e-02    8.047612e-05    1.383139e-04    3.307663e-03    9.255970e-01    2.443528e-04    5.274071e-02    2.102577e-01    4.353118e-18    2.971723e-18    1.181952e-08    7.367572e-01    1.886301e-05    6.462077e-02    1.450406e-01    2.666838e-18    1.147023e-19    7.697170e-09    7.903198e-01    
8.247030e-02        7.000000e+02        9.626596e+04        1.000000e-04        4.319711e-01        2.611645e+01        -0.000000e+00       3.879554e+03        2.490000e-08        7.087004e-02    7.979565e-05    9.710071e-05    2.849319e-03    9.261037e-01    1.637890e-04    5.270255e-02    2.103467e-01    5.115832e-18    2.084765e-18    1.162619e-08    7.367869e-01    1.264332e-05    6.457141e-02    1.450961e-01    3.133971e-18    8.046434e-20    7.570963e-09    7.903198e-01    
8.931680e-02        7.000000e+02        9.626336e+04        1.000000e-04        4.319711e-01        2.611716e+01        -0.000000e+00       2.606457e+03        2.490000e-08        7.092883e-02    7.926966e-05    6.838227e-05    2.441182e-03    9.264823e-01    1.098582e-04    5.267700e-02    2.104063e-01    5.875886e-18    1.466202e-18    1.115533e-08    7.368068e-01    8.480025e-06    6.453837e-02    1.451333e-01    3.599485e-18    5.658855e-20    7.264138e-09    7.903198e-01    
9.833524e-02        7.000000e+02        9.626120e+04        1.000000e-04        4.319711e-01        2.611774e+01        -0.000000e+00       1.543516e+03        2.490000e-08        7.105446e-02    7.873915e-05    4.317259e-05    1.974096e-03    9.268495e-01    6.482556e-05    5.265567e-02    2.104561e-01    6.873087e-18    9.234877e-19    1.025802e-08    7.368234e-01    5.003814e-06    6.451078e-02    1.451644e-01    4.210261e-18    3.564150e-20    6.679682e-09    7.903198e-01    
1.004541e-01        7.000000e+02        9.626083e+04        1.000000e-04        4.319711e-01        2.611784e+01        -0.000000e+00       1.364493e+03        2.490000e-08        7.108765e-02    7.863513e-05    3.876159e-05    1.875401e-03    9.269196e-01    5.725286e-05    5.265208e-02    2.104645e-01    7.106456e-18    8.286149e-19    1.001728e-08    7.368262e-01    4.419269e-06    6.450614e-02    1.451696e-01    4.353200e-18    3.197982e-20    6.522889e-09    7.903198e-01    
1.100849e-01        7.000000e+02        9.625964e+04        1.000000e-04        4.319711e-01        2.611817e+01        -0.000000e+00       7.780616e+02        2.490000e-08        7.124171e-02    7.823824e-05    2.379045e-05    1.476153e-03    9.271801e-01    3.250392e-05    5.264036e-02    2.104918e-01    8.161680e-18    5.069936e-19    8.848107e-09    7.368353e-01    2.508902e-06    6.449098e-02    1.451867e-01    4.999536e-18    1.956683e-20    5.761498e-09    7.903198e-01    
1.154835e-01        7.000000e+02        9.625921e+04        1.000000e-04        4.319711e-01        2.611828e+01        -0.000000e+00       5.672403e+02        2.490000e-08        7.132521e-02    7.806043e-05    1.812628e-05    1.285376e-03    9.272932e-01    2.364028e-05    5.263616e-02    2.105016e-01    8.748788e-18    3.855446e-19    8.170427e-09    7.368385e-01    1.824729e-06    6.448555e-02    1.451928e-01    5.359153e-18    1.487958e-20    5.320199e-09    7.903198e-01    
1.238930e-01        7.000000e+02        9.625877e+04        1.000000e-04        4.319711e-01        2.611840e+01        -0.000000e+00       3.461306e+02        2.490000e-08        7.144523e-02    7.783307e-05    1.191145e-05    1.030563e-03    9.274345e-01    1.437559e-05    5.263177e-02    2.105119e-01    9.656327e-18    2.525361e-19    7.129468e-09    7.368420e-01    1.109608e-06    6.447987e-02    1.451992e-01    5.915047e-18    9.746248e-21    4.642353e-09    7.903198e-01    
1.303952e-01        7.000000e+02        9.625855e+04        1.000000e-04        4.319711e-01        2.611846e+01        -0.000000e+00       2.359270e+02        2.490000e-08        7.152773e-02    7.769104e-05    8.645500e-06    8.652460e-04    9.275207e-01    9.775082e-06    5.262959e-02    2.105170e-01    1.035183e-17    1.827974e-19    6.359940e-09    7.368437e-01    7.545071e-07    6.447706e-02    1.452024e-01    6.341065e-18    7.054772e-21    4.141266e-09    7.903198e-01    
1.350835e-01        7.000000e+02        9.625843e+04        1.000000e-04        4.319711e-01        2.611849e+01        -0.000000e+00       1.788377e+02        2.490000e-08        7.158128e-02    7.760373e-05    6.881465e-06    7.612974e-04    9.275729e-01    7.398027e-06    5.262846e-02    2.105196e-01    1.084979e-17    1.451983e-19    5.832546e-09    7.368445e-01    5.710292e-07    6.447560e-02    1.452040e-01    6.646090e-18    5.603690e-21    3.797849e-09    7.903198e-01    
1.458158e-01        7.000000e+02        9.625827e+04        1.000000e-04        4.319711e-01        2.611854e+01        -0.000000e+00       9.466832e+01        2.490000e-08        7.168567e-02    7.744264e-05    4.126604e-06    5.649933e-04    9.276678e-01    3.903798e-06    5.262681e-02    2.105235e-01    1.197833e-17    8.663095e-20    4.728748e-09    7.368458e-01    3.013207e-07    6.447346e-02    1.452064e-01    7.337369e-18    3.343372e-21    3.079109e-09    7.903198e-01    
1.492653e-01        7.000000e+02        9.625823e+04        1.000000e-04        4.319711e-01        2.611855e+01        -0.000000e+00       7.712613e+01        2.490000e-08        7.171416e-02    7.740049e-05    3.514266e-06    5.126674e-04    9.276923e-01    3.177566e-06    5.262647e-02    2.105243e-01    1.233761e-17    7.364983e-20    4.406832e-09    7.368461e-01    2.452653e-07    6.447302e-02    1.452069e-01    7.557445e-18    2.842387e-21    2.869493e-09    7.903198e-01    
1.602380e-01        7.000000e+02        9.625816e+04        1.000000e-04        4.319711e-01        2.611857e+01        -0.000000e+00       4.013459e+01        2.490000e-08        7.179037e-02    7.729103e-05    2.137508e-06    3.750042e-04    9.277552e-01    1.649328e-06    5.262574e-02    2.105260e-01    1.346918e-17    4.454574e-20    3.491219e-09    7.368466e-01    1.273058e-07    6.447208e-02    1.452080e-01    8.250580e-18    1.719164e-21    2.273293e-09    7.903198e-01    
1.643955e-01        7.000000e+02        9.625814e+04        1.000000e-04        4.319711e-01        2.611857e+01        -0.000000e+00       3.132175e+01        2.490000e-08        7.181412e-02    7.725780e-05    1.780835e-06    3.327081e-04    9.277741e-01    1.286050e-06    5.262557e-02    2.105264e-01    1.389338e-17    3.703256e-20    3.186446e-09    7.368468e-01    9.926564e-08    6.447186e-02    1.452082e-01    8.510426e-18    1.429206e-21    2.074841e-09    7.903198e-01    
1.702888e-01        7.000000e+02        9.625812e+04        1.000000e-04        4.319711e-01        2.611858e+01        -0.000000e+00       2.203303e+01        2.490000e-08        7.184364e-02    7.721706e-05    1.382675e-06    2.805366e-04    9.277972e-01    9.036068e-07    5.262539e-02    2.105268e-01    1.449042e-17    2.866516e-20    2.792155e-09    7.368469e-01    6.974619e-08    6.447162e-02    1.452085e-01    8.876139e-18    1.106281e-21    1.818100e-09    7.903198e-01    
1.809841e-01        7.000000e+02        9.625810e+04        1.000000e-04        4.319711e-01        2.611858e+01        -0.000000e+00       1.162784e+01        2.490000e-08        7.188655e-02    7.715884e-05    8.887553e-07    2.053979e-04    9.278300e-01    4.759111e-07    5.262519e-02    2.105273e-01    1.556103e-17    1.832644e-20    2.181638e-09    7.368471e-01    3.673387e-08    6.447136e-02    1.452088e-01    9.531948e-18    7.072761e-22    1.420564e-09    7.903198e-01    
1.844858e-01        7.000000e+02        9.625810e+04        1.000000e-04        4.319711e-01        2.611859e+01        -0.000000e+00       9.430874e+00        2.490000e-08        7.189806e-02    7.714342e-05    7.727171e-07    1.853769e-04    9.278386e-01    3.857368e-07    5.262514e-02    2.105274e-01    1.590796e-17    1.590679e-20    2.008761e-09    7.368471e-01    2.977364e-08    6.447131e-02    1.452089e-01    9.744456e-18    6.138941e-22    1.307995e-09    7.903198e-01    
1.898098e-01        7.000000e+02        9.625809e+04        1.000000e-04        4.319711e-01        2.611859e+01        -0.000000e+00       6.858605e+00        2.490000e-08        7.191353e-02    7.712282e-05    6.274011e-07    1.585582e-04    9.278502e-01    2.802377e-07    5.262509e-02    2.105275e-01    1.643202e-17    1.288343e-20    1.769113e-09    7.368472e-01    2.163054e-08    6.447124e-02    1.452089e-01    1.006547e-17    4.972130e-22    1.151950e-09    7.903198e-01    
1.993456e-01        7.000000e+02        9.625809e+04        1.000000e-04        4.319711e-01        2.611859e+01        -0.000000e+00       3.876406e+00        2.490000e-08        7.193600e-02    7.709313e-05    4.375055e-07    1.197648e-04    9.278667e-01    1.580698e-07    5.262504e-02    2.105276e-01    1.736045e-17    8.947063e-21    1.403199e-09    7.368472e-01    1.220084e-08    6.447117e-02    1.452090e-01    1.063418e-17    3.452958e-22    9.136868e-10    7.903198e-01    
2.057734e-01        7.000000e+02        9.625808e+04        1.000000e-04        4.319711e-01        2.611859e+01        -0.000000e+00       2.638725e+00        2.490000e-08        7.194801e-02    7.707738e-05    3.460793e-07    9.910581e-05    9.278755e-01    1.074350e-07    5.262501e-02    2.105277e-01    1.797891e-17    7.059471e-21    1.197024e-09    7.368472e-01    8.292519e-09    6.447114e-02    1.452091e-01    1.101302e-17    2.724476e-22    7.794369e-10    7.903198e-01    
2.185452e-01        7.000000e+02        9.625808e+04        1.000000e-04        4.319711e-01        2.611859e+01        -0.000000e+00       1.229333e+00        2.490000e-08        7.196612e-02    7.705378e-05    2.212951e-07    6.807609e-05    9.278885e-01    4.986314e-08    5.262498e-02    2.105277e-01    1.919035e-17    4.493789e-21    8.680378e-10    7.368472e-01    3.848757e-09    6.447110e-02    1.452091e-01    1.175509e-17    1.734297e-22    5.652188e-10    7.903198e-01    
2.260739e-01        7.000000e+02        9.625808e+04        1.000000e-04        4.319711e-01        2.611859e+01        -0.000000e+00       7.840364e-01        2.490000e-08        7.197399e-02    7.704358e-05    1.718549e-07    5.462785e-05    9.278942e-01    3.171021e-08    5.262498e-02    2.105277e-01    1.989370e-17    3.481410e-21    7.160909e-10    7.368472e-01    2.447597e-09    6.447109e-02    1.452091e-01    1.218593e-17    1.343588e-22    4.662793e-10    7.903198e-01    
2.371377e-01        7.000000e+02        9.625808e+04        1.000000e-04        4.319711e-01        2.611859e+01        -0.000000e+00       4.052790e-01        2.490000e-08        7.198274e-02    7.703227e-05    1.201899e-07    3.968493e-05    9.279004e-01    1.630220e-08    5.262497e-02    2.105278e-01    2.091299e-17    2.426352e-21    5.379580e-10    7.368472e-01    1.258308e-09    6.447108e-02    1.452091e-01    1.281030e-17    9.364070e-23    3.502889e-10    7.903198e-01    
2.523711e-01        7.000000e+02        9.625808e+04        1.000000e-04        4.319711e-01        2.611859e+01        -0.000000e+00       1.638872e-01        2.490000e-08        7.199081e-02    7.702188e-05    7.570686e-08    2.594435e-05    9.279061e-01    6.520859e-09    5.262496e-02    2.105278e-01    2.228894e-17    1.519974e-21    3.612423e-10    7.368473e-01    5.033216e-10    6.447107e-02    1.452091e-01    1.365314e-17    5.866067e-23    2.352213e-10    7.903198e-01    
2.638696e-01        7.000000e+02        9.625808e+04        1.000000e-04        4.319711e-01        2.611859e+01        -0.000000e+00       8.302830e-02        2.490000e-08        7.199475e-02    7.701681e-05    5.505571e-08    1.924134e-05    9.279089e-01    3.264969e-09    5.262496e-02    2.105278e-01    2.330681e-17    1.099095e-21    2.671267e-10    7.368473e-01    2.520112e-10    6.447107e-02    1.452091e-01    1.427664e-17    4.241759e-23    1.739383e-10    7.903198e-01    
2.820720e-01        7.000000e+02        9.625808e+04        1.000000e-04        4.319711e-01        2.611859e+01        -0.000000e+00       2.852210e-02        2.490000e-08        7.199850e-02    7.701201e-05    3.608705e-08    1.287763e-05    9.279116e-01    1.092068e-09    5.262496e-02    2.105278e-01    2.488240e-17    7.107609e-22    1.664906e-10    7.368473e-01    8.429278e-11    6.447107e-02    1.452091e-01    1.524177e-17    2.743054e-23    1.084096e-10    7.903198e-01    
2.916477e-01        7.000000e+02        9.625808e+04        1.000000e-04        4.319711e-01        2.611859e+01        -0.000000e+00       1.633127e-02        2.490000e-08        7.199963e-02    7.701056e-05    3.049452e-08    1.096028e-05    9.279124e-01    6.137883e-10    5.262496e-02    2.105278e-01    2.569404e-17    5.952369e-22    1.307792e-10    7.368473e-01    4.737611e-11    6.447107e-02    1.452091e-01    1.573894e-17    2.297210e-23    8.515625e-11    7.903198e-01    
3.141168e-01        7.000000e+02        9.625808e+04        1.000000e-04        4.319711e-01        2.611859e+01        -0.000000e+00       4.479823e-03        2.490000e-08        7.200095e-02    7.700886e-05    2.399210e-08    8.705305e-06    9.279133e-01    1.587964e-10    5.262496e-02    2.105278e-01    2.755297e-17    4.593463e-22    7.755404e-11    7.368473e-01    1.225692e-11    6.447107e-02    1.452091e-01    1.687763e-17    1.772765e-23    5.049896e-11    7.903198e-01    
3.395308e-01        7.000000e+02        9.625808e+04        1.000000e-04        4.319711e-01        2.611859e+01        -0.000000e+00       1.076867e-03        2.490000e-08        7.200140e-02    7.700829e-05    2.182398e-08    7.946458e-06    9.279136e-01    3.441018e-11    5.262496e-02    2.105278e-01    2.958073e-17    4.133705e-22    4.864684e-11    7.368473e-01    2.655998e-12    6.447107e-02    1.452091e-01    1.811974e-17    1.595329e-23    3.167617e-11    7.903198e-01    
3.658059e-01        7.000000e+02        9.625808e+04        1.000000e-04        4.319711e-01        2.611859e+01        -0.000000e+00       2.641764e-04        2.490000e-08        7.200151e-02    7.700815e-05    2.128648e-08    7.757426e-06    9.279137e-01    7.080046e-12    5.262496e-02    2.105278e-01    3.159677e-17    4.019165e-22    3.574144e-11    7.368473e-01    5.464833e-13    6.447107e-02    1.452091e-01    1.935467e-17    1.551124e-23    2.327287e-11    7.903198e-01    
4.184692e-01        7.000000e+02        9.625808e+04        1.000000e-04        4.319711e-01        2.611859e+01        -0.000000e+00       2.125075e-05        2.490000e-08        7.200154e-02    7.700811e-05    2.112999e-08    7.702085e-06    9.279137e-01    2.979281e-13    5.262496e-02    2.105278e-01    3.540386e-17    3.985961e-22    2.823107e-11    7.368473e-01    2.299599e-14    6.447107e-02    1.452091e-01    2.168671e-17    1.538310e-23    1.838253e-11    7.903198e-01    
5.069332e-01        7.000000e+02        9.625808e+04        1.000000e-04        4.319711e-01        2.611859e+01        -0.000000e+00       6.055581e-07        2.490000e-08        7.200155e-02    7.700810e-05    2.111794e-08    7.697762e-06    9.279137e-01    1.685072e-15    5.262496e-02    2.105278e-01    4.115377e-17    3.983449e-22    2.683626e-11    7.368473e-01    1.300647e-16    6.447107e-02    1.452091e-01    2.520883e-17    1.537340e-23    1.747431e-11    7.903198e-01    
7.322562e-01        7.000000e+02        9.625808e+04        1.000000e-04        4.319711e-01        2.611859e+01        -0.000000e+00       1.856012e-07        2.490000e-08        7.200155e-02    7.700810e-05    2.111758e-08    7.697632e-06    9.279137e-01    2.376384e-16    5.262496e-02    2.105278e-01    5.274979e-17    3.983376e-22    2.676841e-11    7.368473e-01    1.834246e-17    6.447107e-02    1.452091e-01    3.231200e-17    1.537312e-23    1.743013e-11    7.903198e-01    
