t[s](1)           t[min](2)         T[K](3)           dummy(4)          dummy(5)          dummy(6)          dummy(7)          dummy(8)          m[kg](9)          mev[kg/s](10)     m_NC7H16[kg](11)      m_NC10H22[kg](12)     m_NC12H26[kg](13)     m_H2O[kg](14)         
1.000000e-04      1.666667e-06      2.876500e+02      0.000000e+00      0.000000e+00      0.000000e+00      0.000000e+00      0.000000e+00      9.999881e-01      0.000000e+00      5.755843e-16          6.353907e-17          9.700140e-17          9.999881e-01          
3.003000e-01      5.005000e-03      2.877000e+02      0.000000e+00      0.000000e+00      0.000000e+00      0.000000e+00      0.000000e+00      1.000000e+00      0.000000e+00      3.460749e-12          1.096998e-13          1.053031e-14          1.000000e+00          
4.968475e+01      8.280791e-01      2.959308e+02      0.000000e+00      0.000000e+00      0.000000e+00      0.000000e+00      0.000000e+00      9.999885e-01      0.000000e+00      7.063941e-10          2.428333e-11          2.189189e-12          9.999885e-01          
1.265640e+02      2.109399e+00      3.087440e+02      0.000000e+00      0.000000e+00      0.000000e+00      0.000000e+00      0.000000e+00      1.000080e+00      0.000000e+00      2.498395e-09          9.876663e-11          1.037238e-11          1.000080e+00          
1.670333e+02      2.783888e+00      3.154889e+02      0.000000e+00      0.000000e+00      0.000000e+00      0.000000e+00      0.000000e+00      1.000110e+00      0.000000e+00      3.912163e-09          1.670728e-10          1.903955e-11          1.000110e+00          
2.172202e+02      3.620336e+00      3.238534e+02      0.000000e+00      0.000000e+00      0.000000e+00      0.000000e+00      0.000000e+00      1.000188e+00      0.000000e+00      6.267066e-09          2.950422e-10          3.714592e-11          1.000188e+00          
2.780000e+02      4.633333e+00      3.339833e+02      0.000000e+00      0.000000e+00      0.000000e+00      0.000000e+00      0.000000e+00      1.000285e+00      0.000000e+00      1.024229e-08          5.425245e-10          7.661820e-11          1.000285e+00          
3.426607e+02      5.711012e+00      3.447601e+02      0.000000e+00      0.000000e+00      0.000000e+00      0.000000e+00      0.000000e+00      1.000526e+00      0.000000e+00      1.368102e-08          7.186150e-10          1.062702e-10          1.000526e+00          
3.533791e+02      5.889652e+00      3.465465e+02      0.000000e+00      0.000000e+00      0.000000e+00      0.000000e+00      0.000000e+00      1.000528e+00      0.000000e+00      1.404065e-08          7.211115e-10          1.063539e-10          1.000528e+00          
3.535114e+02      5.891857e+00      3.465686e+02      0.000000e+00      0.000000e+00      0.000000e+00      0.000000e+00      0.000000e+00      1.000528e+00      0.000000e+00      1.404530e-08          7.211448e-10          1.063551e-10          1.000528e+00          
3.536037e+02      5.893394e+00      3.465839e+02      0.000000e+00      0.000000e+00      0.000000e+00      0.000000e+00      0.000000e+00      1.000528e+00      0.000000e+00      1.404855e-08          7.211680e-10          1.063559e-10          1.000528e+00          
3.536139e+02      5.893565e+00      3.465856e+02      0.000000e+00      0.000000e+00      0.000000e+00      0.000000e+00      0.000000e+00      1.000528e+00      0.000000e+00      1.404891e-08          7.211706e-10          1.063559e-10          1.000528e+00          
3.536228e+02      5.893714e+00      3.465871e+02      0.000000e+00      0.000000e+00      0.000000e+00      0.000000e+00      0.000000e+00      1.000528e+00      0.000000e+00      1.404922e-08          7.211729e-10          1.063560e-10          1.000528e+00          
3.536296e+02      5.893826e+00      3.465883e+02      0.000000e+00      0.000000e+00      0.000000e+00      0.000000e+00      0.000000e+00      1.000528e+00      0.000000e+00      1.404946e-08          7.211746e-10          1.063561e-10          1.000528e+00          
3.536402e+02      5.894003e+00      3.465900e+02      0.000000e+00      0.000000e+00      0.000000e+00      0.000000e+00      0.000000e+00      1.000528e+00      0.000000e+00      1.404983e-08          7.211772e-10          1.063562e-10          1.000528e+00          
3.536479e+02      5.894131e+00      3.465913e+02      0.000000e+00      0.000000e+00      0.000000e+00      0.000000e+00      0.000000e+00      1.000528e+00      0.000000e+00      1.405010e-08          7.211792e-10          1.063562e-10          1.000528e+00          
3.536531e+02      5.894218e+00      3.465922e+02      0.000000e+00      0.000000e+00      0.000000e+00      0.000000e+00      0.000000e+00      1.000528e+00      0.000000e+00      1.405029e-08          7.211805e-10          1.063563e-10          1.000528e+00          
3.536569e+02      5.894282e+00      3.465928e+02      0.000000e+00      0.000000e+00      0.000000e+00      0.000000e+00      0.000000e+00      1.000528e+00      0.000000e+00      1.405042e-08          7.211815e-10          1.063563e-10          1.000528e+00          
3.536573e+02      5.894288e+00      3.465929e+02      0.000000e+00      0.000000e+00      0.000000e+00      0.000000e+00      0.000000e+00      1.000528e+00      0.000000e+00      1.405043e-08          7.211816e-10          1.063563e-10          1.000528e+00          
3.536573e+02      5.894288e+00      3.465929e+02      0.000000e+00      0.000000e+00      0.000000e+00      0.000000e+00      0.000000e+00      1.000528e+00      0.000000e+00      1.405043e-08          7.211816e-10          1.063563e-10          1.000528e+00          
3.536573e+02      5.894288e+00      3.465929e+02      0.000000e+00      0.000000e+00      0.000000e+00      0.000000e+00      0.000000e+00      1.000528e+00      0.000000e+00      1.405043e-08          7.211816e-10          1.063563e-10          1.000528e+00          
3.536573e+02      5.894288e+00      3.465929e+02      0.000000e+00      0.000000e+00      0.000000e+00      0.000000e+00      0.000000e+00      1.000528e+00      0.000000e+00      1.405043e-08          7.211816e-10          1.063563e-10          1.000528e+00          
3.536573e+02      5.894288e+00      3.465929e+02      0.000000e+00      0.000000e+00      0.000000e+00      0.000000e+00      0.000000e+00      1.000528e+00      0.000000e+00      1.405043e-08          7.211816e-10          1.063563e-10          1.000528e+00          
3.536573e+02      5.894288e+00      3.465929e+02      0.000000e+00      0.000000e+00      0.000000e+00      0.000000e+00      0.000000e+00      1.000528e+00      0.000000e+00      1.405043e-08          7.211816e-10          1.063563e-10          1.000528e+00          
3.536573e+02      5.894288e+00      3.465929e+02      0.000000e+00      0.000000e+00      0.000000e+00      0.000000e+00      0.000000e+00      1.000528e+00      0.000000e+00      1.405043e-08          7.211816e-10          1.063563e-10          1.000528e+00          
3.536573e+02      5.894289e+00      3.465929e+02      0.000000e+00      0.000000e+00      0.000000e+00      0.000000e+00      0.000000e+00      1.000528e+00      0.000000e+00      1.405044e-08          7.211816e-10          1.063563e-10          1.000528e+00          
3.536574e+02      5.894290e+00      3.465929e+02      0.000000e+00      0.000000e+00      0.000000e+00      0.000000e+00      0.000000e+00      1.000528e+00      0.000000e+00      1.405044e-08          7.211816e-10          1.063563e-10          1.000528e+00          
3.536575e+02      5.894292e+00      3.465929e+02      0.000000e+00      0.000000e+00      0.000000e+00      0.000000e+00      0.000000e+00      1.000529e+00      0.000000e+00      1.405044e-08          7.211816e-10          1.063563e-10          1.000529e+00          
3.536580e+02      5.894300e+00      3.465930e+02      0.000000e+00      0.000000e+00      0.000000e+00      0.000000e+00      0.000000e+00      1.000531e+00      0.000000e+00      1.405046e-08          7.211817e-10          1.063563e-10          1.000531e+00          
3.536597e+02      5.894328e+00      3.465933e+02      0.000000e+00      0.000000e+00      0.000000e+00      0.000000e+00      0.000000e+00      1.000537e+00      0.000000e+00      1.405052e-08          7.211822e-10          1.063563e-10          1.000537e+00          
3.536649e+02      5.894415e+00      3.465941e+02      0.000000e+00      0.000000e+00      0.000000e+00      0.000000e+00      0.000000e+00      1.000558e+00      0.000000e+00      1.405070e-08          7.211835e-10          1.063564e-10          1.000558e+00          
3.536800e+02      5.894667e+00      3.465967e+02      0.000000e+00      0.000000e+00      0.000000e+00      0.000000e+00      0.000000e+00      1.000619e+00      0.000000e+00      1.405124e-08          7.211873e-10          1.063565e-10          1.000619e+00          
3.537331e+02      5.895552e+00      3.466055e+02      0.000000e+00      0.000000e+00      0.000000e+00      0.000000e+00      0.000000e+00      1.000830e+00      0.000000e+00      1.405310e-08          7.212007e-10          1.063570e-10          1.000830e+00          
3.538999e+02      5.898332e+00      3.466333e+02      0.000000e+00      0.000000e+00      0.000000e+00      0.000000e+00      0.000000e+00      1.001496e+00      0.000000e+00      1.405898e-08          7.212428e-10          1.063584e-10          1.001496e+00          
3.543852e+02      5.906420e+00      3.467142e+02      0.000000e+00      0.000000e+00      0.000000e+00      0.000000e+00      0.000000e+00      1.003433e+00      0.000000e+00      1.407607e-08          7.213653e-10          1.063626e-10          1.003433e+00          
3.560836e+02      5.934726e+00      3.469973e+02      0.000000e+00      0.000000e+00      0.000000e+00      0.000000e+00      0.000000e+00      1.010253e+00      0.000000e+00      1.413636e-08          7.217998e-10          1.063775e-10          1.010253e+00          
3.614214e+02      6.023690e+00      3.478869e+02      0.000000e+00      0.000000e+00      0.000000e+00      0.000000e+00      0.000000e+00      1.031761e+00      0.000000e+00      1.432667e-08          7.231754e-10          1.064247e-10          1.031761e+00          
3.769496e+02      6.282494e+00      3.504749e+02      0.000000e+00      0.000000e+00      0.000000e+00      0.000000e+00      0.000000e+00      1.094330e+00      0.000000e+00      1.488033e-08          7.271772e-10          1.065622e-10          1.094330e+00          
4.312984e+02      7.188306e+00      3.595331e+02      0.000000e+00      0.000000e+00      0.000000e+00      0.000000e+00      0.000000e+00      1.313321e+00      0.000000e+00      1.681811e-08          7.411837e-10          1.070432e-10          1.313321e+00          
6.021087e+02      1.003515e+01      3.880015e+02      0.000000e+00      0.000000e+00      0.000000e+00      0.000000e+00      0.000000e+00      2.001577e+00      0.000000e+00      2.290827e-08          7.852040e-10          1.085549e-10          2.001577e+00          
7.263348e+02      1.210558e+01      4.087058e+02      0.000000e+00      0.000000e+00      0.000000e+00      0.000000e+00      0.000000e+00      nan               0.000000e+00      nan                   nan                   nan                   2.502142e+00          
7.263361e+02      1.210560e+01      4.087060e+02      0.000000e+00      0.000000e+00      0.000000e+00      0.000000e+00      0.000000e+00      nan               0.000000e+00      nan                   nan                   nan                   2.502207e+00          
7.263399e+02      1.210567e+01      4.087067e+02      0.000000e+00      0.000000e+00      0.000000e+00      0.000000e+00      0.000000e+00      nan               0.000000e+00      nan                   nan                   nan                   2.502397e+00          
7.263532e+02      1.210589e+01      4.087089e+02      0.000000e+00      0.000000e+00      0.000000e+00      0.000000e+00      0.000000e+00      nan               0.000000e+00      nan                   nan                   nan                   2.503060e+00          
7.263949e+02      1.210658e+01      4.087158e+02      0.000000e+00      0.000000e+00      0.000000e+00      0.000000e+00      0.000000e+00      nan               0.000000e+00      nan                   nan                   nan                   2.505145e+00          
7.265162e+02      1.210860e+01      4.087360e+02      0.000000e+00      0.000000e+00      0.000000e+00      0.000000e+00      0.000000e+00      nan               0.000000e+00      nan                   nan                   nan                   2.509677e+00          
7.269408e+02      1.211568e+01      4.088068e+02      0.000000e+00      0.000000e+00      0.000000e+00      0.000000e+00      0.000000e+00      nan               0.000000e+00      nan                   nan                   nan                   2.522321e+00          
7.282753e+02      1.213792e+01      4.090292e+02      0.000000e+00      0.000000e+00      0.000000e+00      0.000000e+00      0.000000e+00      nan               0.000000e+00      nan                   nan                   nan                   2.562062e+00          
7.321573e+02      1.220262e+01      4.096762e+02      0.000000e+00      0.000000e+00      0.000000e+00      0.000000e+00      0.000000e+00      nan               0.000000e+00      nan                   nan                   nan                   2.677671e+00          
7.457445e+02      1.242907e+01      4.119407e+02      0.000000e+00      0.000000e+00      0.000000e+00      0.000000e+00      0.000000e+00      nan               0.000000e+00      nan                   nan                   nan                   3.082301e+00          
7.884471e+02      1.314078e+01      4.190578e+02      0.000000e+00      0.000000e+00      0.000000e+00      0.000000e+00      0.000000e+00      nan               0.000000e+00      nan                   nan                   nan                   4.502113e+00          
9.126728e+02      1.521121e+01      4.397621e+02      0.000000e+00      0.000000e+00      0.000000e+00      0.000000e+00      0.000000e+00      nan               0.000000e+00      nan                   nan                   nan                   8.878688e+00          
