t[s](1)             csi[m](2)           T0[K](3)            P0[Pa](4)           T[K](5)             P[Pa](6)            v[m/s](7)           rho[kg/m3](8)       MW[kg/kmol](9)      QRGas[W/m3](10)     QRSurf[W/m2](11)    total[m](12)            total[kg/m2/s](13)      total[kg/s](14)         SI(D)[m](15)            SI(D)[kg/m2/s](16)      SI(D)[kg/s](17)         SI(D)[m/s](18)          SI(D)[mm/hr](19)        N(D)[m](20)             N(D)[kg/m2/s](21)       N(D)[kg/s](22)          N(D)[m/s](23)           N(D)[mm/hr](24)         
0.000000e+00        0.000000e+00        1.713150e+03        2.399376e+02        1.713150e+03        2.399376e+02        1.000000e-01        4.963650e-04        2.946676e+01        -4.375478e+00       -3.535711e+02       0.000000e+00            2.752749e-05            2.752749e-05            0.000000e+00            1.653345e-05            1.653345e-05            8.002637e-09            2.880949e-02            0.000000e+00            1.099404e-05            1.099404e-05            8.001486e-09            2.880535e-02            
4.427899e-11        4.427899e-12        1.713150e+03        2.399376e+02        1.713150e+03        2.399376e+02        1.000000e-01        4.963650e-04        2.946676e+01        -4.375478e+00       -3.535711e+02       7.086464e-19            2.752749e-05            2.752749e-05            3.543487e-19            1.653345e-05            1.653345e-05            8.002637e-09            2.880949e-02            3.542977e-19            1.099404e-05            1.099404e-05            8.001486e-09            2.880535e-02            
7.713357e-07        7.713359e-08        1.713150e+03        2.399376e+02        1.713150e+03        2.399376e+02        1.000001e-01        4.963645e-04        2.946673e+01        -4.377923e+00       -3.535701e+02       1.234453e-14            2.752741e-05            2.752741e-05            6.172711e-15            1.653340e-05            1.653340e-05            8.002615e-09            2.880941e-02            6.171823e-15            1.099401e-05            1.099401e-05            8.001464e-09            2.880527e-02            
6.200859e-06        6.200873e-07        1.713150e+03        2.399376e+02        1.713150e+03        2.399376e+02        1.000005e-01        4.963606e-04        2.946650e+01        -4.393921e+00       -3.535632e+02       9.923820e-14            2.752687e-05            2.752687e-05            4.962267e-14            1.653308e-05            1.653308e-05            8.002458e-09            2.880885e-02            4.961553e-14            1.099380e-05            1.099380e-05            8.001307e-09            2.880471e-02            
1.491191e-05        1.491199e-06        1.713150e+03        2.399376e+02        1.713150e+03        2.399376e+02        1.000011e-01        4.963545e-04        2.946613e+01        -4.415557e+00       -3.535521e+02       2.386457e-13            2.752601e-05            2.752601e-05            1.193314e-13            1.653256e-05            1.653256e-05            8.002207e-09            2.880794e-02            1.193143e-13            1.099345e-05            1.099345e-05            8.001056e-09            2.880380e-02            
2.706735e-05        2.706762e-06        1.713150e+03        2.399376e+02        1.713150e+03        2.399376e+02        1.000020e-01        4.963458e-04        2.946562e+01        -4.438923e+00       -3.535366e+02       4.331681e-13            2.752480e-05            2.752480e-05            2.165996e-13            1.653183e-05            1.653183e-05            8.001856e-09            2.880668e-02            2.165685e-13            1.099297e-05            1.099297e-05            8.000706e-09            2.880254e-02            
4.621036e-05        4.621114e-06        1.713150e+03        2.399376e+02        1.713150e+03        2.399376e+02        1.000034e-01        4.963323e-04        2.946482e+01        -4.464001e+00       -3.535122e+02       7.394946e-13            2.752290e-05            2.752290e-05            3.697739e-13            1.653069e-05            1.653069e-05            8.001304e-09            2.880469e-02            3.697207e-13            1.099221e-05            1.099221e-05            8.000153e-09            2.880055e-02            
7.072521e-05        7.072705e-06        1.713150e+03        2.399376e+02        1.713150e+03        2.399376e+02        1.000052e-01        4.963149e-04        2.946378e+01        -4.482746e+00       -3.534809e+02       1.131751e-12            2.752047e-05            2.752047e-05            5.659161e-13            1.652923e-05            1.652923e-05            8.000597e-09            2.880215e-02            5.658347e-13            1.099124e-05            1.099124e-05            7.999446e-09            2.879801e-02            
9.524007e-05        9.524339e-06        1.713150e+03        2.399376e+02        1.713150e+03        2.399376e+02        1.000070e-01        4.962975e-04        2.946275e+01        -4.492883e+00       -3.534497e+02       1.523972e-12            2.751804e-05            2.751804e-05            7.620409e-13            1.652777e-05            1.652777e-05            7.999890e-09            2.879960e-02            7.619313e-13            1.099027e-05            1.099027e-05            7.998739e-09            2.879546e-02            
1.231551e-04        1.231606e-05        1.713150e+03        2.399376e+02        1.713150e+03        2.399376e+02        1.000090e-01        4.962777e-04        2.946158e+01        -4.498854e+00       -3.534141e+02       1.970551e-12            2.751527e-05            2.751527e-05            9.853464e-13            1.652611e-05            1.652611e-05            7.999085e-09            2.879670e-02            9.852047e-13            1.098916e-05            1.098916e-05            7.997935e-09            2.879256e-02            
1.559553e-04        1.559642e-05        1.713150e+03        2.399376e+02        1.713150e+03        2.399376e+02        1.000114e-01        4.962544e-04        2.946020e+01        -4.502076e+00       -3.533723e+02       2.495226e-12            2.751202e-05            2.751202e-05            1.247703e-12            1.652415e-05            1.652415e-05            7.998139e-09            2.879330e-02            1.247523e-12            1.098786e-05            1.098786e-05            7.996989e-09            2.878916e-02            
1.945841e-04        1.945979e-05        1.713150e+03        2.399376e+02        1.713150e+03        2.399376e+02        1.000142e-01        4.962270e-04        2.945857e+01        -4.503514e+00       -3.533231e+02       3.113055e-12            2.750819e-05            2.750819e-05            1.556640e-12            1.652185e-05            1.652185e-05            7.997025e-09            2.878929e-02            1.556416e-12            1.098633e-05            1.098633e-05            7.995875e-09            2.878515e-02            
2.408164e-04        2.408376e-05        1.713150e+03        2.399376e+02        1.713150e+03        2.399376e+02        1.000176e-01        4.961943e-04        2.945663e+01        -4.503934e+00       -3.532642e+02       3.852382e-12            2.750360e-05            2.750360e-05            1.926330e-12            1.651910e-05            1.651910e-05            7.995692e-09            2.878449e-02            1.926053e-12            1.098450e-05            1.098450e-05            7.994543e-09            2.878035e-02            
3.021962e-04        3.022297e-05        1.713150e+03        2.399376e+02        1.713150e+03        2.399376e+02        1.000221e-01        4.961508e-04        2.945404e+01        -4.503801e+00       -3.531861e+02       4.833752e-12            2.749752e-05            2.749752e-05            2.417050e-12            1.651545e-05            1.651545e-05            7.993924e-09            2.877812e-02            2.416702e-12            1.098207e-05            1.098207e-05            7.992774e-09            2.877399e-02            
3.853676e-04        3.854220e-05        1.713150e+03        2.399376e+02        1.713150e+03        2.399376e+02        1.000282e-01        4.960919e-04        2.945055e+01        -4.503331e+00       -3.530802e+02       6.163189e-12            2.748928e-05            2.748928e-05            3.081816e-12            1.651050e-05            1.651050e-05            7.991527e-09            2.876950e-02            3.081373e-12            1.097878e-05            1.097878e-05            7.990378e-09            2.876536e-02            
5.107695e-04        5.108650e-05        1.713150e+03        2.399376e+02        1.713150e+03        2.399376e+02        1.000374e-01        4.960031e-04        2.944527e+01        -4.502535e+00       -3.529207e+02       8.166898e-12            2.747685e-05            2.747685e-05            4.083742e-12            1.650303e-05            1.650303e-05            7.987916e-09            2.875650e-02            4.083155e-12            1.097382e-05            1.097382e-05            7.986768e-09            2.875236e-02            
7.206626e-04        7.208527e-05        1.713150e+03        2.399376e+02        1.713150e+03        2.399376e+02        1.000527e-01        4.958545e-04        2.943646e+01        -4.501188e+00       -3.526538e+02       1.151861e-11            2.745607e-05            2.745607e-05            5.759717e-12            1.649055e-05            1.649055e-05            7.981875e-09            2.873475e-02            5.758889e-12            1.096552e-05            1.096552e-05            7.980728e-09            2.873062e-02            
1.080479e-03        1.080906e-04        1.713150e+03        2.399376e+02        1.713150e+03        2.399376e+02        1.000790e-01        4.956002e-04        2.942136e+01        -4.498877e+00       -3.521968e+02       1.725849e-11            2.742050e-05            2.742050e-05            8.629868e-12            1.646919e-05            1.646919e-05            7.971532e-09            2.869752e-02            8.628627e-12            1.095131e-05            1.095131e-05            7.970386e-09            2.869339e-02            
1.800113e-03        1.801297e-04        1.713150e+03        2.399376e+02        1.713150e+03        2.399376e+02        1.001315e-01        4.950928e-04        2.939124e+01        -4.494256e+00       -3.512849e+02       2.871597e-11            2.734950e-05            2.734950e-05            1.435902e-11            1.642654e-05            1.642654e-05            7.950892e-09            2.862321e-02            1.435695e-11            1.092296e-05            1.092296e-05            7.949749e-09            2.861910e-02            
3.189220e-03        3.192933e-04        1.713150e+03        2.399376e+02        1.713150e+03        2.399376e+02        1.002325e-01        4.941179e-04        2.933336e+01        -4.485366e+00       -3.495321e+02       5.074851e-11            2.721304e-05            2.721304e-05            2.537608e-11            1.634458e-05            1.634458e-05            7.911221e-09            2.848040e-02            2.537243e-11            1.086845e-05            1.086845e-05            7.910084e-09            2.847630e-02            
5.337198e-03        5.347578e-04        1.713150e+03        2.399376e+02        1.713150e+03        2.399376e+02        1.003880e-01        4.926217e-04        2.924454e+01        -4.471774e+00       -3.468413e+02       8.460133e-11            2.700354e-05            2.700354e-05            4.230371e-11            1.621876e-05            1.621876e-05            7.850318e-09            2.826114e-02            4.229763e-11            1.078479e-05            1.078479e-05            7.849189e-09            2.825708e-02            
8.239409e-03        8.264077e-04        1.713150e+03        2.399376e+02        1.713150e+03        2.399376e+02        1.005964e-01        4.906221e-04        2.912583e+01        -4.453834e+00       -3.432428e+02       1.299278e-10            2.672338e-05            2.672338e-05            6.496856e-11            1.605049e-05            1.605049e-05            7.768870e-09            2.796793e-02            6.495922e-11            1.067289e-05            1.067289e-05            7.767753e-09            2.796391e-02            
1.150570e-02        1.155365e-03        1.713150e+03        2.399376e+02        1.713150e+03        2.399376e+02        1.008290e-01        4.884014e-04        2.899400e+01        -4.434325e+00       -3.392432e+02       1.803786e-10            2.641199e-05            2.641199e-05            9.019579e-11            1.586346e-05            1.586346e-05            7.678344e-09            2.764204e-02            9.018282e-11            1.054853e-05            1.054853e-05            7.677240e-09            2.763807e-02            
1.550534e-02        1.559209e-03        1.713150e+03        2.399376e+02        1.713150e+03        2.399376e+02        1.011108e-01        4.857240e-04        2.883505e+01        -4.411471e+00       -3.344170e+02       2.413574e-10            2.603624e-05            2.603624e-05            1.206874e-10            1.563778e-05            1.563778e-05            7.569108e-09            2.724879e-02            1.206700e-10            1.039846e-05            1.039846e-05            7.568020e-09            2.724487e-02            
2.063891e-02        2.079187e-03        1.713150e+03        2.399376e+02        1.713150e+03        2.399376e+02        1.014677e-01        4.823538e-04        2.863499e+01        -4.383822e+00       -3.283352e+02       3.183558e-10            2.556274e-05            2.556274e-05            1.591893e-10            1.535338e-05            1.535338e-05            7.431454e-09            2.675324e-02            1.591664e-10            1.020935e-05            1.020935e-05            7.430386e-09            2.674939e-02            
2.736442e-02        2.763160e-03        1.713150e+03        2.399376e+02        1.713150e+03        2.399376e+02        1.019275e-01        4.780484e-04        2.837939e+01        -4.350406e+00       -3.205542e+02       4.171196e-10            2.495694e-05            2.495694e-05            2.085748e-10            1.498953e-05            1.498953e-05            7.255341e-09            2.611923e-02            2.085448e-10            9.967405e-06            9.967405e-06            7.254298e-09            2.611547e-02            
3.633805e-02        3.680522e-03        1.713150e+03        2.399376e+02        1.713150e+03        2.399376e+02        1.025271e-01        4.724908e-04        2.804947e+01        -4.310593e+00       -3.104909e+02       5.452678e-10            2.417346e-05            2.417346e-05            2.726535e-10            1.451896e-05            1.451896e-05            7.027572e-09            2.529926e-02            2.726143e-10            9.654495e-06            9.654495e-06            7.026561e-09            2.529562e-02            
4.727909e-02        4.806181e-03        1.713150e+03        2.399376e+02        1.713150e+03        2.399376e+02        1.032374e-01        4.659913e-04        2.766362e+01        -4.269018e+00       -2.986933e+02       6.960925e-10            2.325495e-05            2.325495e-05            3.480713e-10            1.396729e-05            1.396729e-05            6.760548e-09            2.433797e-02            3.480212e-10            9.287658e-06            9.287658e-06            6.759576e-09            2.433447e-02            
6.034698e-02        6.160663e-03        1.713150e+03        2.399376e+02        1.713150e+03        2.399376e+02        1.040566e-01        4.586050e-04        2.722514e+01        -4.228642e+00       -2.852469e+02       8.687616e-10            2.220807e-05            2.220807e-05            4.344120e-10            1.333852e-05            1.333852e-05            6.456206e-09            2.324234e-02            4.343496e-10            8.869551e-06            8.869551e-06            6.455277e-09            2.323900e-02            
7.901391e-02        8.113604e-03        1.713150e+03        2.399376e+02        1.713150e+03        2.399376e+02        1.051740e-01        4.487173e-04        2.663815e+01        -4.186709e+00       -2.671773e+02       1.102054e-09            2.080125e-05            2.080125e-05            5.510668e-10            1.249356e-05            1.249356e-05            6.047222e-09            2.177000e-02            5.509876e-10            8.307688e-06            8.307688e-06            6.046352e-09            2.176687e-02            
1.044444e-01        1.080660e-02        1.713150e+03        2.399376e+02        1.713150e+03        2.399376e+02        1.066009e-01        4.363921e-04        2.590646e+01        -4.155171e+00       -2.445341e+02       1.396359e-09            1.903835e-05            1.903835e-05            6.982298e-10            1.143474e-05            1.143474e-05            5.534723e-09            1.992500e-02            6.981295e-10            7.603616e-06            7.603616e-06            5.533927e-09            1.992214e-02            
