<NumberOfElements>
4
</NumberOfElements>
<NamesOfElements>
C H O N 
</NamesOfElements>
<AtomicComposition>
7.0000000000e+00 1.6000000000e+01 0. 0. 
0. 0. 2.0000000000e+00 0. 
0. 2.0000000000e+00 1.0000000000e+00 0. 
1.0000000000e+00 0. 2.0000000000e+00 0. 
1.0000000000e+00 0. 1.0000000000e+00 0. 
0. 0. 0. 2.0000000000e+00 
7.0000000000e+00 1.6000000000e+01 0. 0. 
</AtomicComposition>
<NumberOfSpecies>
7
</NumberOfSpecies>
<NamesOfSpecies>
NC7H16 O2 H2O CO2 CO N2 NC7H16(L) 
</NamesOfSpecies>
<Thermodynamics type="NASA">
<NASA-coefficients>
3.106961199999999934e+01 1.734588639999999973e-02 -4.576638839999999906e-07 -1.062809640000000023e-09 1.590988569999999961e-13 -3.765415920000000187e+04 -1.409204970000000117e+02 -2.769128119999999971e+00 9.254308660000000464e-02 -6.312199740000000133e-05 2.214620280000000037e-08 -3.064375089999999826e-12 -2.547221270000000004e+04 4.222182300000000055e+01 3.000000000000000000e+02 3.500000000000000000e+03 1.800000000000000000e+03 1.002049980163574219e+02
2.817506480000000035e+00 2.498380069999999852e-03 -1.524935210000000037e-06 4.505476080000000257e-10 -4.877027919999999713e-14 -9.317133919999999989e+02 7.947293369999999690e+00 3.460350800000000060e+00 -8.850111209999999510e-04 5.152810560000000220e-06 -5.407124130000000239e-09 1.878095420000000188e-12 -1.029425729999999930e+03 5.022361260000000271e+00 3.000000000000000000e+02 3.500000000000000000e+03 7.600000000000000000e+02 3.199799919128417969e+01
2.309404629999999958e+00 3.654338870000000024e-03 -1.229838710000000092e-06 2.119316830000000073e-10 -1.503334929999999975e-14 -2.972949009999999907e+04 8.927651770000000653e+00 4.035309370000000229e+00 -6.875598329999999458e-04 2.866292139999999847e-06 -1.505523600000000101e-09 2.550067899999999755e-13 -3.027832779999999912e+04 -1.992016410000000126e-01 3.000000000000000000e+02 3.500000000000000000e+03 1.590000000000000000e+03 1.801499962806701660e+01
5.078309850000000125e+00 2.053660409999999784e-03 -5.943112649999999625e-07 5.386751309999999952e-11 1.663468550000000054e-15 -4.924421029999999882e+04 -4.478152900000000436e+00 2.448927970000000176e+00 8.545961350000000692e-03 -6.605701020000000018e-06 2.527690459999999966e-09 -3.800993320000000102e-13 -4.839229060000000027e+04 9.475577319999999304e+00 3.000000000000000000e+02 3.500000000000000000e+03 1.620000000000000000e+03 4.400899887084960938e+01
2.685950140000000097e+00 2.124863729999999958e-03 -1.045486080000000100e-06 2.455388639999999770e-10 -2.225509810000000022e-14 -1.414236150000000089e+04 7.965794260000000016e+00 3.818909430000000160e+00 -2.406973430000000202e-03 5.752269659999999598e-06 -4.286298300000000259e-09 1.110704190000000019e-12 -1.436895329999999922e+04 2.499920599999999826e+00 3.000000000000000000e+02 3.500000000000000000e+03 1.000000000000000000e+03 2.800999927520751953e+01
2.712878969999999779e+00 1.903597539999999939e-03 -8.542975560000000481e-07 1.841709380000000073e-10 -1.547159879999999863e-14 -8.402252730000000156e+02 7.159265579999999574e+00 3.853213359999999810e+00 -2.440533490000000149e-03 5.351603920000000387e-06 -3.756083969999999818e-09 9.226843299999999776e-13 -1.079695500000000038e+03 1.602174189999999943e+00 3.000000000000000000e+02 3.500000000000000000e+03 1.050000000000000000e+03 2.801399993896480112e+01
3.106961199999999934e+01 1.734588639999999973e-02 -4.576638839999999906e-07 -1.062809640000000023e-09 1.590988569999999961e-13 -3.765415920000000187e+04 -1.409204970000000117e+02 -2.769128119999999971e+00 9.254308660000000464e-02 -6.312199740000000133e-05 2.214620280000000037e-08 -3.064375089999999826e-12 -2.547221270000000004e+04 4.222182300000000055e+01 3.000000000000000000e+02 3.500000000000000000e+03 1.800000000000000000e+03 1.002049980163574219e+02
</NASA-coefficients>
</Thermodynamics>
<Transport type="none">
</Transport>
<NumberOfMaterials>
1
</NumberOfMaterials>
<NumberOfLiquidSpecies>
1
</NumberOfLiquidSpecies>
<LiquidSpecies>
NC7H16(L)
</LiquidSpecies>
<MaterialDescription index="1" name="LIQUIDMIX">
1
NC7H16(L) 1
</MaterialDescription>
<Kinetics type="OpenSMOKE" version="01-02-2014">
<MaterialKinetics index="1" name="LIQUIDMIX">
<NumberOfSpecies>
7
</NumberOfSpecies>
<NumberOfReactions>
0
</NumberOfReactions>
<Irreversible>
0
</Irreversible>
<Reversible>
0
</Reversible>
<Reversible-Thermodynamics>
0
</Reversible-Thermodynamics>
<Reversible-Explicit>
0
</Reversible-Explicit>
<ThreeBody>
0
</ThreeBody>
<FallOff>
0
<Lindemann>
0
</Lindemann>
<Troe>
0
</Troe>
<SRI>
0
</SRI>
</FallOff>
<CABR>
0
<Lindemann>
0
</Lindemann>
<Troe>
0
</Troe>
<SRI>
0
</SRI>
</CABR>
<Chebyshev>
0
</Chebyshev>
<PressureLog>
0
</PressureLog>
<ExtendedPressureLog>
0
</ExtendedPressureLog>
<ExtendedFallOff>
0
</ExtendedFallOff>
<FIT1>
0
</FIT1>
<JanevLanger>
0
</JanevLanger>
<LandauTeller>
0
</LandauTeller>
<UsrProg>
0
</UsrProg>
<UsrProg-Labels>
0
</UsrProg-Labels>
<ReactionsNeedingConversion>
0
</ReactionsNeedingConversion>
<TypeOfKinetics>
chemkin_conventional
</TypeOfKinetics>
<ThermodynamicReversibleReactions>
0
</ThermodynamicReversibleReactions>
<KineticParameters>
<Direct>
<lnA>
0

</lnA>
<Beta>
0

</Beta>
<E_over_R>
0

</E_over_R>
<ForwardKineticOrder>
0

</ForwardKineticOrder>
</Direct>
</KineticParameters>
<Stoichiometry type="OpenSMOKE" version="01-02-2014">
7
0 0 0 0 0 0 0 
7
0 0 0 0 0 0 0 
7
0 0 0 0 0 0 0 
7
0 0 0 0 0 0 0 
7
0 0 0 0 0 0 0 
7
0 0 0 0 0 0 0 
7
0 0 0 0 0 0 0 
7
0 0 0 0 0 0 0 
7
0 0 0 0 0 0 0 
7
0 0 0 0 0 0 0 
7
0 0 0 0 0 0 0 
7
0 0 0 0 0 0 0 
7
0 0 0 0 0 0 0 
7
0 0 0 0 0 0 0 
7
0 0 0 0 0 0 0 
0

0

0

0

0

0

0

0

0

0

0

0

0

0

0

0

0

0

0

0
0
</Stoichiometry>
<GlobalReactions type="none">
</GlobalReactions>
</MaterialKinetics>
</Kinetics>
</opensmoke>
