Bin_name(1)         nC[-](2)            nH[-](3)            nO[-](4)            H/C[-](5)           MW[kg/kmol](6)      density[kg/m3](7)   mass[kg](8)         volume[m3](9)       Dsph[m](10)         Dcol[m](11)         Dpp[m](12)          Df[-](13)           numPP[#](14)        Bin_section(15)     
BIN1A               2.000000e+01        1.600000e+01        0.000000e+00        8.000000e-01        2.563480e+02        1.100000e+03        4.256758e-25        3.869780e-28        9.041265e-10        9.041265e-10        9.041265e-10        3.000000            0.0                 1                   
BIN1B               2.000000e+01        1.000000e+01        0.000000e+00        5.000000e-01        2.503000e+02        1.100000e+03        4.156329e-25        3.778481e-28        8.969595e-10        8.969595e-10        8.969595e-10        3.000000            0.0                 1                   
BIN1C               2.000000e+01        5.000000e+00        0.000000e+00        2.500000e-01        2.452600e+02        1.100000e+03        4.072637e-25        3.702398e-28        8.908983e-10        8.908983e-10        8.908983e-10        3.000000            0.0                 1                   
BIN2A               4.000000e+01        3.100000e+01        0.000000e+00        7.750000e-01        5.116880e+02        1.100000e+03        8.496778e-25        7.724343e-28        1.138381e-09        1.138381e-09        1.138381e-09        3.000000            0.0                 2                   
BIN2B               4.000000e+01        1.600000e+01        0.000000e+00        4.000000e-01        4.965680e+02        1.100000e+03        8.245704e-25        7.496095e-28        1.127056e-09        1.127056e-09        1.127056e-09        3.000000            0.0                 2                   
BIN2C               4.000000e+01        8.000000e+00        0.000000e+00        2.000000e-01        4.885040e+02        1.100000e+03        8.111798e-25        7.374362e-28        1.120922e-09        1.120922e-09        1.120922e-09        3.000000            0.0                 2                   
BIN3A               8.000000e+01        6.000000e+01        0.000000e+00        7.500000e-01        1.021360e+03        1.100000e+03        1.696008e-24        1.541825e-27        1.433328e-09        1.433328e-09        1.433328e-09        3.000000            0.0                 3                   
BIN3B               8.000000e+01        2.400000e+01        0.000000e+00        3.000000e-01        9.850720e+02        1.100000e+03        1.635750e-24        1.487046e-27        1.416148e-09        1.416148e-09        1.416148e-09        3.000000            0.0                 3                   
BIN3C               8.000000e+01        8.000000e+00        0.000000e+00        1.000000e-01        9.689440e+02        1.100000e+03        1.608969e-24        1.462699e-27        1.408377e-09        1.408377e-09        1.408377e-09        3.000000            0.0                 3                   
BIN1AJ              2.000000e+01        1.500000e+01        0.000000e+00        7.500000e-01        2.553400e+02        1.100000e+03        4.239768e-25        3.854334e-28        9.029220e-10        9.029220e-10        9.029220e-10        3.000000            0.0                 1                   
BIN1BJ              2.000000e+01        9.000000e+00        0.000000e+00        4.500000e-01        2.492920e+02        1.100000e+03        4.139344e-25        3.763040e-28        8.957361e-10        8.957361e-10        8.957361e-10        3.000000            0.0                 1                   
BIN1CJ              2.000000e+01        4.000000e+00        0.000000e+00        2.000000e-01        2.442520e+02        1.100000e+03        4.055658e-25        3.686962e-28        8.896585e-10        8.896585e-10        8.896585e-10        3.000000            0.0                 1                   
BIN2AJ              4.000000e+01        3.000000e+01        0.000000e+00        7.500000e-01        5.106800e+02        1.100000e+03        8.479535e-25        7.708668e-28        1.137610e-09        1.137610e-09        1.137610e-09        3.000000            0.0                 2                   
BIN2BJ              4.000000e+01        1.500000e+01        0.000000e+00        3.750000e-01        4.955600e+02        1.100000e+03        8.228477e-25        7.480433e-28        1.126271e-09        1.126271e-09        1.126271e-09        3.000000            0.0                 2                   
BIN2CJ              4.000000e+01        7.000000e+00        0.000000e+00        1.750000e-01        4.874960e+02        1.100000e+03        8.094579e-25        7.358708e-28        1.120128e-09        1.120128e-09        1.120128e-09        3.000000            0.0                 2                   
BIN3AJ              8.000000e+01        5.900000e+01        0.000000e+00        7.375000e-01        1.020352e+03        1.100000e+03        1.694233e-24        1.540212e-27        1.432828e-09        1.432828e-09        1.432828e-09        3.000000            0.0                 3                   
BIN3BJ              8.000000e+01        2.300000e+01        0.000000e+00        2.875000e-01        9.840640e+02        1.100000e+03        1.633979e-24        1.485436e-27        1.415636e-09        1.415636e-09        1.415636e-09        3.000000            0.0                 3                   
BIN3CJ              8.000000e+01        7.000000e+00        0.000000e+00        8.750000e-02        9.679360e+02        1.100000e+03        1.607200e-24        1.461091e-27        1.407860e-09        1.407860e-09        1.407860e-09        3.000000            0.0                 3                   
BIN4AJ              1.600000e+02        1.150000e+02        0.000000e+00        7.187500e-01        2.037680e+03        1.100000e+03        3.383445e-24        3.075859e-27        1.804358e-09        1.804358e-09        1.804358e-09        3.000000            0.0                 4                   
BIN4BJ              1.600000e+02        3.100000e+01        0.000000e+00        1.937500e-01        1.953008e+03        1.100000e+03        3.242853e-24        2.948048e-27        1.779011e-09        1.779011e-09        1.779011e-09        3.000000            0.0                 4                   
BIN4CJ              1.600000e+02        9.000000e+00        0.000000e+00        5.625000e-02        1.930832e+03        1.100000e+03        3.206031e-24        2.914573e-27        1.772252e-09        1.772252e-09        1.772252e-09        3.000000            0.0                 4                   
BIN5AJliq           3.200000e+02        2.230000e+02        0.000000e+00        6.968750e-01        4.068304e+03        1.100000e+03        6.755175e-24        6.141068e-27        2.272035e-09        2.272035e-09        2.272035e-09        3.000000            0.0                 5                   
BIN5BJliq           3.200000e+02        6.300000e+01        0.000000e+00        1.968750e-01        3.907024e+03        1.100000e+03        6.487379e-24        5.897617e-27        2.241606e-09        2.241606e-09        2.241606e-09        3.000000            0.0                 5                   
BIN5CJliq           3.200000e+02        1.700000e+01        0.000000e+00        5.312500e-02        3.860656e+03        1.100000e+03        6.410388e-24        5.827625e-27        2.232703e-09        2.232703e-09        2.232703e-09        3.000000            0.0                 5                   
BIN6AJliq           6.400000e+02        4.310000e+02        0.000000e+00        6.734375e-01        8.121488e+03        1.137500e+03        1.348524e-23        1.185516e-26        2.829022e-09        2.829022e-09        2.829022e-09        3.000000            0.0                 6                   
BIN6BJliq           6.400000e+02        1.270000e+02        0.000000e+00        1.984375e-01        7.815056e+03        1.137500e+03        1.297643e-23        1.140785e-26        2.792984e-09        2.792984e-09        2.792984e-09        3.000000            0.0                 6                   
BIN6CJliq           6.400000e+02        3.300000e+01        0.000000e+00        5.156250e-02        7.720304e+03        1.137500e+03        1.281910e-23        1.126954e-26        2.781650e-09        2.781650e-09        2.781650e-09        3.000000            0.0                 6                   
BIN7AJliq           1.250000e+03        8.120000e+02        0.000000e+00        6.496000e-01        1.583225e+04        1.175000e+03        2.628849e-23        2.237319e-26        3.496040e-09        3.496040e-09        3.496040e-09        3.000000            0.0                 7                   
BIN7BJliq           1.250000e+03        2.490000e+02        0.000000e+00        1.992000e-01        1.526474e+04        1.175000e+03        2.534619e-23        2.157122e-26        3.453759e-09        3.453759e-09        3.453759e-09        3.000000            0.0                 7                   
BIN7CJliq           1.250000e+03        6.400000e+01        0.000000e+00        5.120000e-02        1.507826e+04        1.175000e+03        2.503655e-23        2.130770e-26        3.439637e-09        3.439637e-09        3.439637e-09        3.000000            0.0                 7                   
BIN8AJliq           2.500000e+03        1.562000e+03        0.000000e+00        6.248000e-01        3.160200e+04        1.212500e+03        5.247322e-23        4.327688e-26        4.355979e-09        4.355979e-09        4.355979e-09        3.000000            0.0                 8                   
BIN8BJliq           2.500000e+03        4.990000e+02        0.000000e+00        1.996000e-01        3.053049e+04        1.212500e+03        5.069405e-23        4.180953e-26        4.306180e-09        4.306180e-09        4.306180e-09        3.000000            0.0                 8                   
BIN8CJliq           2.500000e+03        1.250000e+02        0.000000e+00        5.000000e-02        3.015350e+04        1.212500e+03        5.006808e-23        4.129326e-26        4.288383e-09        4.288383e-09        4.288383e-09        3.000000            0.0                 8                   
BIN9AJ              5.000000e+03        2.999000e+03        0.000000e+00        5.998000e-01        6.307799e+04        1.250000e+03        1.047372e-22        8.378978e-26        5.429137e-09        5.429137e-09        5.429137e-09        3.000000            1.0                 9                   
BIN9AJliq           5.000000e+03        2.999000e+03        0.000000e+00        5.998000e-01        6.307799e+04        1.250000e+03        1.047372e-22        8.378978e-26        5.429137e-09        5.429137e-09        5.429137e-09        3.000000            0.0                 9                   
BIN9BJ              5.000000e+03        9.990000e+02        0.000000e+00        1.998000e-01        6.106199e+04        1.250000e+03        1.013898e-22        8.111182e-26        5.370670e-09        5.370670e-09        5.370670e-09        3.000000            1.0                 9                   
BIN9BJliq           5.000000e+03        9.990000e+02        0.000000e+00        1.998000e-01        6.106199e+04        1.250000e+03        1.013898e-22        8.111182e-26        5.370670e-09        5.370670e-09        5.370670e-09        3.000000            0.0                 9                   
BIN9CJ              5.000000e+03        2.500000e+02        0.000000e+00        5.000000e-02        6.030700e+04        1.250000e+03        1.001362e-22        8.010892e-26        5.348444e-09        5.348444e-09        5.348444e-09        3.000000            1.0                 9                   
BIN9CJliq           5.000000e+03        2.500000e+02        0.000000e+00        5.000000e-02        6.030700e+04        1.250000e+03        1.001362e-22        8.010892e-26        5.348444e-09        5.348444e-09        5.348444e-09        3.000000            0.0                 9                   
BIN10AJ             1.000000e+04        5.749000e+03        0.000000e+00        5.749000e-01        1.259050e+05        1.287500e+03        2.090577e-22        1.623749e-25        6.768723e-09        6.768723e-09        6.768723e-09        3.000000            1.0                 10                  
BIN10AJliq          1.000000e+04        5.749000e+03        0.000000e+00        5.749000e-01        1.259050e+05        1.287500e+03        2.090577e-22        1.623749e-25        6.768723e-09        6.768723e-09        6.768723e-09        3.000000            0.0                 10                  
BIN10AJaggI         1.000000e+04        5.749000e+03        0.000000e+00        5.749000e-01        1.259050e+05        1.287500e+03        2.090577e-22        1.623749e-25        6.768723e-09        7.082034e-09        5.429137e-09        1.800000            2.0                 10                  
BIN10BJ             1.000000e+04        1.999000e+03        0.000000e+00        1.999000e-01        1.221250e+05        1.287500e+03        2.027812e-22        1.575000e-25        6.700296e-09        6.700296e-09        6.700296e-09        3.000000            1.0                 10                  
BIN10BJliq          1.000000e+04        1.999000e+03        0.000000e+00        1.999000e-01        1.221250e+05        1.287500e+03        2.027812e-22        1.575000e-25        6.700296e-09        6.700296e-09        6.700296e-09        3.000000            0.0                 10                  
BIN10BJaggI         1.000000e+04        1.999000e+03        0.000000e+00        1.999000e-01        1.221250e+05        1.287500e+03        2.027812e-22        1.575000e-25        6.700296e-09        6.963112e-09        5.429137e-09        1.800000            1.9                 10                  
BIN10CJ             1.000000e+04        5.000000e+02        0.000000e+00        5.000000e-02        1.206140e+05        1.287500e+03        2.002723e-22        1.555513e-25        6.672548e-09        6.672548e-09        6.672548e-09        3.000000            1.0                 10                  
BIN10CJliq          1.000000e+04        5.000000e+02        0.000000e+00        5.000000e-02        1.206140e+05        1.287500e+03        2.002723e-22        1.555513e-25        6.672548e-09        6.672548e-09        6.672548e-09        3.000000            0.0                 10                  
BIN10CJaggI         1.000000e+04        5.000000e+02        0.000000e+00        5.000000e-02        1.206140e+05        1.287500e+03        2.002723e-22        1.555513e-25        6.672548e-09        6.915117e-09        5.429137e-09        1.800000            1.9                 10                  
BIN11AJ             2.000000e+04        1.099900e+04        0.000000e+00        5.499500e-01        2.513070e+05        1.325000e+03        4.172802e-22        3.149284e-25        8.441204e-09        8.441204e-09        8.441204e-09        3.000000            1.0                 11                  
BIN11AJliq          2.000000e+04        1.099900e+04        0.000000e+00        5.499500e-01        2.513070e+05        1.325000e+03        4.172802e-22        3.149284e-25        8.441204e-09        8.441204e-09        8.441204e-09        3.000000            0.0                 11                  
BIN11AJaggI         2.000000e+04        1.099900e+04        0.000000e+00        5.499500e-01        2.513070e+05        1.325000e+03        4.172802e-22        3.149284e-25        8.441204e-09        1.039715e-08        5.429137e-09        1.800000            4.0                 11                  
BIN11BJ             2.000000e+04        3.999000e+03        0.000000e+00        1.999500e-01        2.442510e+05        1.325000e+03        4.055641e-22        3.060861e-25        8.361452e-09        8.361452e-09        8.361452e-09        3.000000            1.0                 11                  
BIN11BJliq          2.000000e+04        3.999000e+03        0.000000e+00        1.999500e-01        2.442510e+05        1.325000e+03        4.055641e-22        3.060861e-25        8.361452e-09        8.361452e-09        8.361452e-09        3.000000            0.0                 11                  
BIN11BJaggI         2.000000e+04        3.999000e+03        0.000000e+00        1.999500e-01        2.442510e+05        1.325000e+03        4.055641e-22        3.060861e-25        8.361452e-09        1.023395e-08        5.429137e-09        1.800000            3.9                 11                  
BIN11CJ             2.000000e+04        1.000000e+03        0.000000e+00        5.000000e-02        2.412280e+05        1.325000e+03        4.005446e-22        3.022978e-25        8.326813e-09        8.326813e-09        8.326813e-09        3.000000            1.0                 11                  
BIN11CJliq          2.000000e+04        1.000000e+03        0.000000e+00        5.000000e-02        2.412280e+05        1.325000e+03        4.005446e-22        3.022978e-25        8.326813e-09        8.326813e-09        8.326813e-09        3.000000            0.0                 11                  
BIN11CJaggI         2.000000e+04        1.000000e+03        0.000000e+00        5.000000e-02        2.412280e+05        1.325000e+03        4.005446e-22        3.022978e-25        8.326813e-09        1.016339e-08        5.429137e-09        1.800000            3.8                 11                  
BIN12AJ             4.000000e+04        2.099900e+04        0.000000e+00        5.249750e-01        5.016070e+05        1.362500e+03        8.328883e-22        6.112942e-25        1.052973e-08        1.052973e-08        1.052973e-08        3.000000            1.0                 12                  
BIN12AJliq          4.000000e+04        2.099900e+04        0.000000e+00        5.249750e-01        5.016070e+05        1.362500e+03        8.328883e-22        6.112942e-25        1.052973e-08        1.052973e-08        1.052973e-08        3.000000            0.0                 12                  
BIN12AJaggI         4.000000e+04        2.099900e+04        0.000000e+00        5.249750e-01        5.016070e+05        1.362500e+03        8.328883e-22        6.112942e-25        1.052973e-08        1.526404e-08        5.429137e-09        1.800000            8.0                 12                  
BIN12BJ             4.000000e+04        7.999000e+03        0.000000e+00        1.999750e-01        4.885030e+05        1.362500e+03        8.111299e-22        5.953247e-25        1.043723e-08        1.043723e-08        1.043723e-08        3.000000            1.0                 12                  
BIN12BJliq          4.000000e+04        7.999000e+03        0.000000e+00        1.999750e-01        4.885030e+05        1.362500e+03        8.111299e-22        5.953247e-25        1.043723e-08        1.043723e-08        1.043723e-08        3.000000            0.0                 12                  
BIN12BJaggI         4.000000e+04        7.999000e+03        0.000000e+00        1.999750e-01        4.885030e+05        1.362500e+03        8.111299e-22        5.953247e-25        1.043723e-08        1.504120e-08        5.429137e-09        1.800000            7.7                 12                  
BIN12CJ             4.000000e+04        2.000000e+03        0.000000e+00        5.000000e-02        4.824560e+05        1.362500e+03        8.010892e-22        5.879554e-25        1.039398e-08        1.039398e-08        1.039398e-08        3.000000            1.0                 12                  
BIN12CJliq          4.000000e+04        2.000000e+03        0.000000e+00        5.000000e-02        4.824560e+05        1.362500e+03        8.010892e-22        5.879554e-25        1.039398e-08        1.039398e-08        1.039398e-08        3.000000            0.0                 12                  
BIN12CJaggI         4.000000e+04        2.000000e+03        0.000000e+00        5.000000e-02        4.824560e+05        1.362500e+03        8.010892e-22        5.879554e-25        1.039398e-08        1.493748e-08        5.429137e-09        1.800000            7.6                 12                  
BIN13AJ             8.000000e+04        3.999900e+04        0.000000e+00        4.999875e-01        1.001199e+06        1.400000e+03        1.662431e-21        1.187451e-24        1.313829e-08        1.313829e-08        1.313829e-08        3.000000            1.0                 13                  
BIN13AJliq          8.000000e+04        3.999900e+04        0.000000e+00        4.999875e-01        1.001199e+06        1.400000e+03        1.662431e-21        1.187451e-24        1.313829e-08        1.313829e-08        1.313829e-08        3.000000            0.0                 13                  
BIN13AJaggI         8.000000e+04        3.999900e+04        0.000000e+00        4.999875e-01        1.001199e+06        1.400000e+03        1.662431e-21        1.187451e-24        1.313829e-08        2.240904e-08        5.429137e-09        1.800000            15.9                13                  
BIN13BJ             8.000000e+04        1.599900e+04        0.000000e+00        1.999875e-01        9.770070e+05        1.400000e+03        1.622262e-21        1.158758e-24        1.303161e-08        1.303161e-08        1.303161e-08        3.000000            1.0                 13                  
BIN13BJliq          8.000000e+04        1.599900e+04        0.000000e+00        1.999875e-01        9.770070e+05        1.400000e+03        1.622262e-21        1.158758e-24        1.303161e-08        1.303161e-08        1.303161e-08        3.000000            0.0                 13                  
BIN13BJaggI         8.000000e+04        1.599900e+04        0.000000e+00        1.999875e-01        9.770070e+05        1.400000e+03        1.622262e-21        1.158758e-24        1.303161e-08        2.210659e-08        5.429137e-09        1.800000            15.5                13                  
BIN13CJ             8.000000e+04        4.000000e+03        0.000000e+00        5.000000e-02        9.649120e+05        1.400000e+03        1.602178e-21        1.144413e-24        1.297761e-08        1.297761e-08        1.297761e-08        3.000000            1.0                 13                  
BIN13CJliq          8.000000e+04        4.000000e+03        0.000000e+00        5.000000e-02        9.649120e+05        1.400000e+03        1.602178e-21        1.144413e-24        1.297761e-08        1.297761e-08        1.297761e-08        3.000000            0.0                 13                  
BIN13CJaggI         8.000000e+04        4.000000e+03        0.000000e+00        5.000000e-02        9.649120e+05        1.400000e+03        1.602178e-21        1.144413e-24        1.297761e-08        2.195413e-08        5.429137e-09        1.800000            15.3                13                  
BIN14AJ             1.600000e+05        7.599900e+04        0.000000e+00        4.749937e-01        1.998367e+06        1.437500e+03        3.318169e-21        2.308291e-24        1.639698e-08        1.639698e-08        1.639698e-08        3.000000            1.0                 14                  
BIN14AJliq          1.600000e+05        7.599900e+04        0.000000e+00        4.749937e-01        1.998367e+06        1.437500e+03        3.318169e-21        2.308291e-24        1.639698e-08        1.639698e-08        1.639698e-08        3.000000            0.0                 14                  
BIN14AJaggI         1.600000e+05        7.599900e+04        0.000000e+00        4.749937e-01        1.998367e+06        1.437500e+03        3.318169e-21        2.308291e-24        1.639698e-08        3.289849e-08        5.429137e-09        1.800000            31.7                14                  
BIN14BJ             1.600000e+05        3.199900e+04        0.000000e+00        1.999937e-01        1.954015e+06        1.437500e+03        3.244525e-21        2.257061e-24        1.627477e-08        1.627477e-08        1.627477e-08        3.000000            1.0                 14                  
BIN14BJliq          1.600000e+05        3.199900e+04        0.000000e+00        1.999937e-01        1.954015e+06        1.437500e+03        3.244525e-21        2.257061e-24        1.627477e-08        1.627477e-08        1.627477e-08        3.000000            0.0                 14                  
BIN14BJaggI         1.600000e+05        3.199900e+04        0.000000e+00        1.999937e-01        1.954015e+06        1.437500e+03        3.244525e-21        2.257061e-24        1.627477e-08        3.249083e-08        5.429137e-09        1.800000            31.0                14                  
BIN14CJ             1.600000e+05        8.000000e+03        0.000000e+00        5.000000e-02        1.929824e+06        1.437500e+03        3.204357e-21        2.229118e-24        1.620733e-08        1.620733e-08        1.620733e-08        3.000000            1.0                 14                  
BIN14CJliq          1.600000e+05        8.000000e+03        0.000000e+00        5.000000e-02        1.929824e+06        1.437500e+03        3.204357e-21        2.229118e-24        1.620733e-08        1.620733e-08        1.620733e-08        3.000000            0.0                 14                  
BIN14CJaggI         1.600000e+05        8.000000e+03        0.000000e+00        5.000000e-02        1.929824e+06        1.437500e+03        3.204357e-21        2.229118e-24        1.620733e-08        3.226674e-08        5.429137e-09        1.800000            30.6                14                  
BIN15AJ             3.200000e+05        1.439990e+05        0.000000e+00        4.499969e-01        3.988671e+06        1.475000e+03        6.622949e-21        4.490135e-24        2.046854e-08        2.046854e-08        2.046854e-08        3.000000            1.0                 15                  
BIN15AJliq          3.200000e+05        1.439990e+05        0.000000e+00        4.499969e-01        3.988671e+06        1.475000e+03        6.622949e-21        4.490135e-24        2.046854e-08        2.046854e-08        2.046854e-08        3.000000            0.0                 15                  
BIN15AJaggI         3.200000e+05        1.439990e+05        0.000000e+00        4.499969e-01        3.988671e+06        1.475000e+03        6.622949e-21        4.490135e-24        2.046854e-08        4.829783e-08        5.429137e-09        1.800000            63.2                15                  
BIN15BJ             3.200000e+05        6.399900e+04        0.000000e+00        1.999969e-01        3.908031e+06        1.475000e+03        6.489051e-21        4.399357e-24        2.032966e-08        2.032966e-08        2.032966e-08        3.000000            1.0                 15                  
BIN15BJliq          3.200000e+05        6.399900e+04        0.000000e+00        1.999969e-01        3.908031e+06        1.475000e+03        6.489051e-21        4.399357e-24        2.032966e-08        2.032966e-08        2.032966e-08        3.000000            0.0                 15                  
BIN15BJaggI         3.200000e+05        6.399900e+04        0.000000e+00        1.999969e-01        3.908031e+06        1.475000e+03        6.489051e-21        4.399357e-24        2.032966e-08        4.775290e-08        5.429137e-09        1.800000            62.0                15                  
BIN15CJ             3.200000e+05        1.600000e+04        0.000000e+00        5.000000e-02        3.859648e+06        1.475000e+03        6.408714e-21        4.344891e-24        2.024542e-08        2.024542e-08        2.024542e-08        3.000000            1.0                 15                  
BIN15CJliq          3.200000e+05        1.600000e+04        0.000000e+00        5.000000e-02        3.859648e+06        1.475000e+03        6.408714e-21        4.344891e-24        2.024542e-08        2.024542e-08        2.024542e-08        3.000000            0.0                 15                  
BIN15CJaggI         3.200000e+05        1.600000e+04        0.000000e+00        5.000000e-02        3.859648e+06        1.475000e+03        6.408714e-21        4.344891e-24        2.024542e-08        4.742354e-08        5.429137e-09        1.800000            61.2                15                  
BIN16AJ             6.400000e+05        2.719990e+05        0.000000e+00        4.249984e-01        7.961215e+06        1.512500e+03        1.321912e-20        8.739914e-24        2.555659e-08        2.555659e-08        2.555659e-08        3.000000            1.0                 16                  
BIN16AJliq          6.400000e+05        2.719990e+05        0.000000e+00        4.249984e-01        7.961215e+06        1.512500e+03        1.321912e-20        8.739914e-24        2.555659e-08        2.555659e-08        2.555659e-08        3.000000            0.0                 16                  
BIN16AJaggI         6.400000e+05        2.719990e+05        0.000000e+00        4.249984e-01        7.961215e+06        1.512500e+03        1.321912e-20        8.739914e-24        2.555659e-08        7.090523e-08        5.429137e-09        1.800000            126.2               16                  
BIN16AJaggII        6.400000e+05        2.719990e+05        0.000000e+00        4.249984e-01        7.961215e+06        1.512500e+03        1.321912e-20        8.739914e-24        2.555659e-08        2.669970e-08        2.046854e-08        1.800000            2.0                 16                  
BIN16BJ             6.400000e+05        1.279990e+05        0.000000e+00        1.999984e-01        7.816063e+06        1.512500e+03        1.297810e-20        8.580564e-24        2.540031e-08        2.540031e-08        2.540031e-08        3.000000            1.0                 16                  
BIN16BJliq          6.400000e+05        1.279990e+05        0.000000e+00        1.999984e-01        7.816063e+06        1.512500e+03        1.297810e-20        8.580564e-24        2.540031e-08        2.540031e-08        2.540031e-08        3.000000            0.0                 16                  
BIN16BJaggI         6.400000e+05        1.279990e+05        0.000000e+00        1.999984e-01        7.816063e+06        1.512500e+03        1.297810e-20        8.580564e-24        2.540031e-08        7.018408e-08        5.429137e-09        1.800000            123.9               16                  
BIN16BJaggII        6.400000e+05        1.279990e+05        0.000000e+00        1.999984e-01        7.816063e+06        1.512500e+03        1.297810e-20        8.580564e-24        2.540031e-08        2.642815e-08        2.046854e-08        1.800000            2.0                 16                  
BIN16CJ             6.400000e+05        3.200000e+04        0.000000e+00        5.000000e-02        7.719296e+06        1.512500e+03        1.281743e-20        8.474333e-24        2.529505e-08        2.529505e-08        2.529505e-08        3.000000            1.0                 16                  
BIN16CJliq          6.400000e+05        3.200000e+04        0.000000e+00        5.000000e-02        7.719296e+06        1.512500e+03        1.281743e-20        8.474333e-24        2.529505e-08        2.529505e-08        2.529505e-08        3.000000            0.0                 16                  
BIN16CJaggI         6.400000e+05        3.200000e+04        0.000000e+00        5.000000e-02        7.719296e+06        1.512500e+03        1.281743e-20        8.474333e-24        2.529505e-08        6.970002e-08        5.429137e-09        1.800000            122.4               16                  
BIN16CJaggII        6.400000e+05        3.200000e+04        0.000000e+00        5.000000e-02        7.719296e+06        1.512500e+03        1.281743e-20        8.474333e-24        2.529505e-08        2.624587e-08        2.046854e-08        1.800000            1.9                 16                  
BIN17AJ             1.280000e+06        5.119990e+05        0.000000e+00        3.999992e-01        1.589017e+07        1.550000e+03        2.638468e-20        1.702238e-23        3.191591e-08        3.191591e-08        3.191591e-08        3.000000            1.0                 17                  
BIN17AJliq          1.280000e+06        5.119990e+05        0.000000e+00        3.999992e-01        1.589017e+07        1.550000e+03        2.638468e-20        1.702238e-23        3.191591e-08        3.191591e-08        3.191591e-08        3.000000            0.0                 17                  
BIN17AJaggI         1.280000e+06        5.119990e+05        0.000000e+00        3.999992e-01        1.589017e+07        1.550000e+03        2.638468e-20        1.702238e-23        3.191591e-08        1.040945e-07        5.429137e-09        1.800000            251.9               17                  
BIN17AJaggII        1.280000e+06        5.119990e+05        0.000000e+00        3.999992e-01        1.589017e+07        1.550000e+03        2.638468e-20        1.702238e-23        3.191591e-08        3.919729e-08        2.046854e-08        1.800000            4.0                 17                  
BIN17BJ             1.280000e+06        2.559990e+05        0.000000e+00        1.999992e-01        1.563213e+07        1.550000e+03        2.595621e-20        1.674594e-23        3.174220e-08        3.174220e-08        3.174220e-08        3.000000            1.0                 17                  
BIN17BJliq          1.280000e+06        2.559990e+05        0.000000e+00        1.999992e-01        1.563213e+07        1.550000e+03        2.595621e-20        1.674594e-23        3.174220e-08        3.174220e-08        3.174220e-08        3.000000            0.0                 17                  
BIN17BJaggI         1.280000e+06        2.559990e+05        0.000000e+00        1.999992e-01        1.563213e+07        1.550000e+03        2.595621e-20        1.674594e-23        3.174220e-08        1.031520e-07        5.429137e-09        1.800000            247.8               17                  
BIN17BJaggII        1.280000e+06        2.559990e+05        0.000000e+00        1.999992e-01        1.563213e+07        1.550000e+03        2.595621e-20        1.674594e-23        3.174220e-08        3.884237e-08        2.046854e-08        1.800000            3.9                 17                  
BIN17CJ             1.280000e+06        6.400000e+04        0.000000e+00        5.000000e-02        1.543859e+07        1.550000e+03        2.563486e-20        1.653862e-23        3.161066e-08        3.161066e-08        3.161066e-08        3.000000            1.0                 17                  
BIN17CJliq          1.280000e+06        6.400000e+04        0.000000e+00        5.000000e-02        1.543859e+07        1.550000e+03        2.563486e-20        1.653862e-23        3.161066e-08        3.161066e-08        3.161066e-08        3.000000            0.0                 17                  
BIN17CJaggI         1.280000e+06        6.400000e+04        0.000000e+00        5.000000e-02        1.543859e+07        1.550000e+03        2.563486e-20        1.653862e-23        3.161066e-08        1.024405e-07        5.429137e-09        1.800000            244.8               17                  
BIN17CJaggII        1.280000e+06        6.400000e+04        0.000000e+00        5.000000e-02        1.543859e+07        1.550000e+03        2.563486e-20        1.653862e-23        3.161066e-08        3.857446e-08        2.046854e-08        1.800000            3.9                 17                  
BIN18AJ             2.560000e+06        9.599990e+05        0.000000e+00        3.749996e-01        3.171584e+07        1.587500e+03        5.266225e-20        3.317307e-23        3.986536e-08        3.986536e-08        3.986536e-08        3.000000            1.0                 18                  
BIN18AJliq          2.560000e+06        9.599990e+05        0.000000e+00        3.749996e-01        3.171584e+07        1.587500e+03        5.266225e-20        3.317307e-23        3.986536e-08        3.986536e-08        3.986536e-08        3.000000            0.0                 18                  
BIN18AJaggI         2.560000e+06        9.599990e+05        0.000000e+00        3.749996e-01        3.171584e+07        1.587500e+03        5.266225e-20        3.317307e-23        3.986536e-08        1.528187e-07        5.429137e-09        1.800000            502.8               18                  
BIN18AJaggII        2.560000e+06        9.599990e+05        0.000000e+00        3.749996e-01        3.171584e+07        1.587500e+03        5.266225e-20        3.317307e-23        3.986536e-08        5.754461e-08        2.046854e-08        1.800000            8.0                 18                  
BIN18BJ             2.560000e+06        5.119990e+05        0.000000e+00        1.999996e-01        3.126425e+07        1.587500e+03        5.191242e-20        3.270074e-23        3.967525e-08        3.967525e-08        3.967525e-08        3.000000            1.0                 18                  
BIN18BJliq          2.560000e+06        5.119990e+05        0.000000e+00        1.999996e-01        3.126425e+07        1.587500e+03        5.191242e-20        3.270074e-23        3.967525e-08        3.967525e-08        3.967525e-08        3.000000            0.0                 18                  
BIN18BJaggI         2.560000e+06        5.119990e+05        0.000000e+00        1.999996e-01        3.126425e+07        1.587500e+03        5.191242e-20        3.270074e-23        3.967525e-08        1.516060e-07        5.429137e-09        1.800000            495.6               18                  
BIN18BJaggII        2.560000e+06        5.119990e+05        0.000000e+00        1.999996e-01        3.126425e+07        1.587500e+03        5.191242e-20        3.270074e-23        3.967525e-08        5.708797e-08        2.046854e-08        1.800000            7.8                 18                  
BIN18CJ             2.560000e+06        1.280000e+05        0.000000e+00        5.000000e-02        3.087718e+07        1.587500e+03        5.126971e-20        3.229588e-23        3.951083e-08        3.951083e-08        3.951083e-08        3.000000            1.0                 18                  
BIN18CJliq          2.560000e+06        1.280000e+05        0.000000e+00        5.000000e-02        3.087718e+07        1.587500e+03        5.126971e-20        3.229588e-23        3.951083e-08        3.951083e-08        3.951083e-08        3.000000            0.0                 18                  
BIN18CJaggI         2.560000e+06        1.280000e+05        0.000000e+00        5.000000e-02        3.087718e+07        1.587500e+03        5.126971e-20        3.229588e-23        3.951083e-08        1.505604e-07        5.429137e-09        1.800000            489.5               18                  
BIN18CJaggII        2.560000e+06        1.280000e+05        0.000000e+00        5.000000e-02        3.087718e+07        1.587500e+03        5.126971e-20        3.229588e-23        3.951083e-08        5.669422e-08        2.046854e-08        1.800000            7.7                 18                  
BIN19AJ             5.120000e+06        1.791999e+06        0.000000e+00        3.499998e-01        6.330265e+07        1.625000e+03        1.051103e-19        6.468324e-23        4.980402e-08        4.980402e-08        4.980402e-08        3.000000            1.0                 19                  
BIN19AJliq          5.120000e+06        1.791999e+06        0.000000e+00        3.499998e-01        6.330265e+07        1.625000e+03        1.051103e-19        6.468324e-23        4.980402e-08        4.980402e-08        4.980402e-08        3.000000            0.0                 19                  
BIN19AJaggI         5.120000e+06        1.791999e+06        0.000000e+00        3.499998e-01        6.330265e+07        1.625000e+03        1.051103e-19        6.468324e-23        4.980402e-08        2.243490e-07        5.429137e-09        1.800000            1003.6              19                  
BIN19AJaggII        5.120000e+06        1.791999e+06        0.000000e+00        3.499998e-01        6.330265e+07        1.625000e+03        1.051103e-19        6.468324e-23        4.980402e-08        8.447968e-08        2.046854e-08        1.800000            15.9                19                  
BIN19BJ             5.120000e+06        1.023999e+06        0.000000e+00        1.999998e-01        6.252851e+07        1.625000e+03        1.038248e-19        6.389221e-23        4.960016e-08        4.960016e-08        4.960016e-08        3.000000            1.0                 19                  
BIN19BJliq          5.120000e+06        1.023999e+06        0.000000e+00        1.999998e-01        6.252851e+07        1.625000e+03        1.038248e-19        6.389221e-23        4.960016e-08        4.960016e-08        4.960016e-08        3.000000            0.0                 19                  
BIN19BJaggI         5.120000e+06        1.023999e+06        0.000000e+00        1.999998e-01        6.252851e+07        1.625000e+03        1.038248e-19        6.389221e-23        4.960016e-08        2.228206e-07        5.429137e-09        1.800000            991.3               19                  
BIN19BJaggII        5.120000e+06        1.023999e+06        0.000000e+00        1.999998e-01        6.252851e+07        1.625000e+03        1.038248e-19        6.389221e-23        4.960016e-08        8.390415e-08        2.046854e-08        1.800000            15.7                19                  
BIN19CJ             5.120000e+06        2.560000e+05        0.000000e+00        5.000000e-02        6.175437e+07        1.625000e+03        1.025394e-19        6.310118e-23        4.939462e-08        4.939462e-08        4.939462e-08        3.000000            1.0                 19                  
BIN19CJliq          5.120000e+06        2.560000e+05        0.000000e+00        5.000000e-02        6.175437e+07        1.625000e+03        1.025394e-19        6.310118e-23        4.939462e-08        4.939462e-08        4.939462e-08        3.000000            0.0                 19                  
BIN19CJaggI         5.120000e+06        2.560000e+05        0.000000e+00        5.000000e-02        6.175437e+07        1.625000e+03        1.025394e-19        6.310118e-23        4.939462e-08        2.212838e-07        5.429137e-09        1.800000            979.0               19                  
BIN19CJaggII        5.120000e+06        2.560000e+05        0.000000e+00        5.000000e-02        6.175437e+07        1.625000e+03        1.025394e-19        6.310118e-23        4.939462e-08        8.332545e-08        2.046854e-08        1.800000            15.5                19                  
BIN20AJ             1.024000e+07        3.327999e+06        0.000000e+00        3.249999e-01        1.263473e+08        1.662500e+03        2.097921e-19        1.261907e-22        6.223140e-08        6.223140e-08        6.223140e-08        3.000000            1.0                 20                  
BIN20AJliq          1.024000e+07        3.327999e+06        0.000000e+00        3.249999e-01        1.263473e+08        1.662500e+03        2.097921e-19        1.261907e-22        6.223140e-08        6.223140e-08        6.223140e-08        3.000000            0.0                 20                  
BIN20AJaggI         1.024000e+07        3.327999e+06        0.000000e+00        3.249999e-01        1.263473e+08        1.662500e+03        2.097921e-19        1.261907e-22        6.223140e-08        3.293599e-07        5.429137e-09        1.800000            2003.0              20                  
BIN20AJaggII        1.024000e+07        3.327999e+06        0.000000e+00        3.249999e-01        1.263473e+08        1.662500e+03        2.097921e-19        1.261907e-22        6.223140e-08        1.240220e-07        2.046854e-08        1.800000            31.7                20                  
BIN20BJ             1.024000e+07        2.047999e+06        0.000000e+00        1.999999e-01        1.250570e+08        1.662500e+03        2.076497e-19        1.249021e-22        6.201884e-08        6.201884e-08        6.201884e-08        3.000000            1.0                 20                  
BIN20BJliq          1.024000e+07        2.047999e+06        0.000000e+00        1.999999e-01        1.250570e+08        1.662500e+03        2.076497e-19        1.249021e-22        6.201884e-08        6.201884e-08        6.201884e-08        3.000000            0.0                 20                  
BIN20BJaggI         1.024000e+07        2.047999e+06        0.000000e+00        1.999999e-01        1.250570e+08        1.662500e+03        2.076497e-19        1.249021e-22        6.201884e-08        3.274871e-07        5.429137e-09        1.800000            1982.6              20                  
BIN20BJaggII        1.024000e+07        2.047999e+06        0.000000e+00        1.999999e-01        1.250570e+08        1.662500e+03        2.076497e-19        1.249021e-22        6.201884e-08        1.233168e-07        2.046854e-08        1.800000            31.4                20                  
BIN20CJ             1.024000e+07        5.120000e+05        0.000000e+00        5.000000e-02        1.235087e+08        1.662500e+03        2.050788e-19        1.233557e-22        6.176184e-08        6.176184e-08        6.176184e-08        3.000000            1.0                 20                  
BIN20CJliq          1.024000e+07        5.120000e+05        0.000000e+00        5.000000e-02        1.235087e+08        1.662500e+03        2.050788e-19        1.233557e-22        6.176184e-08        6.176184e-08        6.176184e-08        3.000000            0.0                 20                  
BIN20CJaggI         1.024000e+07        5.120000e+05        0.000000e+00        5.000000e-02        1.235087e+08        1.662500e+03        2.050788e-19        1.233557e-22        6.176184e-08        3.252284e-07        5.429137e-09        1.800000            1958.0              20                  
BIN20CJaggII        1.024000e+07        5.120000e+05        0.000000e+00        5.000000e-02        1.235087e+08        1.662500e+03        2.050788e-19        1.233557e-22        6.176184e-08        1.224663e-07        2.046854e-08        1.800000            31.0                20                  
BIN21AJ             2.048000e+07        6.143999e+06        0.000000e+00        3.000000e-01        2.521784e+08        1.700000e+03        4.187272e-19        2.463101e-22        7.777282e-08        7.777282e-08        7.777282e-08        3.000000            1.0                 21                  
BIN21AJliq          2.048000e+07        6.143999e+06        0.000000e+00        3.000000e-01        2.521784e+08        1.700000e+03        4.187272e-19        2.463101e-22        7.777282e-08        7.777282e-08        7.777282e-08        3.000000            0.0                 21                  
BIN21AJaggI         2.048000e+07        6.143999e+06        0.000000e+00        3.000000e-01        2.521784e+08        1.700000e+03        4.187272e-19        2.463101e-22        7.777282e-08        4.835221e-07        5.429137e-09        1.800000            3997.9              21                  
BIN21AJaggII        2.048000e+07        6.143999e+06        0.000000e+00        3.000000e-01        2.521784e+08        1.700000e+03        4.187272e-19        2.463101e-22        7.777282e-08        1.820726e-07        2.046854e-08        1.800000            63.2                21                  
BIN21BJ             2.048000e+07        4.095999e+06        0.000000e+00        2.000000e-01        2.501140e+08        1.700000e+03        4.152994e-19        2.442937e-22        7.756002e-08        7.756002e-08        7.756002e-08        3.000000            1.0                 21                  
BIN21BJliq          2.048000e+07        4.095999e+06        0.000000e+00        2.000000e-01        2.501140e+08        1.700000e+03        4.152994e-19        2.442937e-22        7.756002e-08        7.756002e-08        7.756002e-08        3.000000            0.0                 21                  
BIN21BJaggI         2.048000e+07        4.095999e+06        0.000000e+00        2.000000e-01        2.501140e+08        1.700000e+03        4.152994e-19        2.442937e-22        7.756002e-08        4.813191e-07        5.429137e-09        1.800000            3965.2              21                  
BIN21BJaggII        2.048000e+07        4.095999e+06        0.000000e+00        2.000000e-01        2.501140e+08        1.700000e+03        4.152994e-19        2.442937e-22        7.756002e-08        1.812430e-07        2.046854e-08        1.800000            62.7                21                  
BIN21CJ             2.048000e+07        1.024000e+06        0.000000e+00        5.000000e-02        2.470175e+08        1.700000e+03        4.101577e-19        2.412692e-22        7.723861e-08        7.723861e-08        7.723861e-08        3.000000            1.0                 21                  
BIN21CJliq          2.048000e+07        1.024000e+06        0.000000e+00        5.000000e-02        2.470175e+08        1.700000e+03        4.101577e-19        2.412692e-22        7.723861e-08        7.723861e-08        7.723861e-08        3.000000            0.0                 21                  
BIN21CJaggI         2.048000e+07        1.024000e+06        0.000000e+00        5.000000e-02        2.470175e+08        1.700000e+03        4.101577e-19        2.412692e-22        7.723861e-08        4.779994e-07        5.429137e-09        1.800000            3916.1              21                  
BIN21CJaggII        2.048000e+07        1.024000e+06        0.000000e+00        5.000000e-02        2.470175e+08        1.700000e+03        4.101577e-19        2.412692e-22        7.723861e-08        1.799929e-07        2.046854e-08        1.800000            61.9                21                  
BIN22AJ             4.096000e+07        1.228800e+07        0.000000e+00        3.000000e-01        5.043569e+08        1.737500e+03        8.374543e-19        4.819881e-22        9.727754e-08        9.727754e-08        9.727754e-08        3.000000            1.0                 22                  
BIN22AJliq          4.096000e+07        1.228800e+07        0.000000e+00        3.000000e-01        5.043569e+08        1.737500e+03        8.374543e-19        4.819881e-22        9.727754e-08        9.727754e-08        9.727754e-08        3.000000            0.0                 22                  
BIN22AJaggI         4.096000e+07        1.228800e+07        0.000000e+00        3.000000e-01        5.043569e+08        1.737500e+03        8.374543e-19        4.819881e-22        9.727754e-08        7.106491e-07        5.429137e-09        1.800000            7995.8              22                  
BIN22AJaggII        4.096000e+07        1.228800e+07        0.000000e+00        3.000000e-01        5.043569e+08        1.737500e+03        8.374543e-19        4.819881e-22        9.727754e-08        2.675983e-07        2.046854e-08        1.800000            126.4               22                  
BIN22BJ             4.096000e+07        8.191999e+06        0.000000e+00        2.000000e-01        5.002281e+08        1.737500e+03        8.305987e-19        4.780424e-22        9.701136e-08        9.701136e-08        9.701136e-08        3.000000            1.0                 22                  
BIN22BJliq          4.096000e+07        8.191999e+06        0.000000e+00        2.000000e-01        5.002281e+08        1.737500e+03        8.305987e-19        4.780424e-22        9.701136e-08        9.701136e-08        9.701136e-08        3.000000            0.0                 22                  
BIN22BJaggI         4.096000e+07        8.191999e+06        0.000000e+00        2.000000e-01        5.002281e+08        1.737500e+03        8.305987e-19        4.780424e-22        9.701136e-08        7.074113e-07        5.429137e-09        1.800000            7930.3              22                  
BIN22BJaggII        4.096000e+07        8.191999e+06        0.000000e+00        2.000000e-01        5.002281e+08        1.737500e+03        8.305987e-19        4.780424e-22        9.701136e-08        2.663791e-07        2.046854e-08        1.800000            125.4               22                  
BIN22CJ             4.096000e+07        2.048000e+06        0.000000e+00        5.000000e-02        4.940349e+08        1.737500e+03        8.203154e-19        4.721240e-22        9.660935e-08        9.660935e-08        9.660935e-08        3.000000            1.0                 22                  
BIN22CJliq          4.096000e+07        2.048000e+06        0.000000e+00        5.000000e-02        4.940349e+08        1.737500e+03        8.203154e-19        4.721240e-22        9.660935e-08        9.660935e-08        9.660935e-08        3.000000            0.0                 22                  
BIN22CJaggI         4.096000e+07        2.048000e+06        0.000000e+00        5.000000e-02        4.940349e+08        1.737500e+03        8.203154e-19        4.721240e-22        9.660935e-08        7.025321e-07        5.429137e-09        1.800000            7832.1              22                  
BIN22CJaggII        4.096000e+07        2.048000e+06        0.000000e+00        5.000000e-02        4.940349e+08        1.737500e+03        8.203154e-19        4.721240e-22        9.660935e-08        2.645418e-07        2.046854e-08        1.800000            123.9               22                  
BIN23AJaggI         8.192000e+07        2.457600e+07        0.000000e+00        3.000000e-01        1.008714e+09        1.775000e+03        1.674909e-18        9.436105e-22        1.216928e-07        1.044466e-06        5.429137e-09        1.800000            15991.5             23                  
BIN23AJaggII        8.192000e+07        2.457600e+07        0.000000e+00        3.000000e-01        1.008714e+09        1.775000e+03        1.674909e-18        9.436105e-22        1.216928e-07        3.932985e-07        2.046854e-08        1.800000            252.9               23                  
BIN23AJaggIII       8.192000e+07        2.457600e+07        0.000000e+00        3.000000e-01        1.008714e+09        1.775000e+03        1.674909e-18        9.436105e-22        1.216928e-07        1.270341e-07        9.727754e-08        1.800000            2.0                 23                  
BIN23BJaggI         8.192000e+07        1.638400e+07        0.000000e+00        2.000000e-01        1.000456e+09        1.775000e+03        1.661197e-18        9.358859e-22        1.213598e-07        1.039707e-06        5.429137e-09        1.800000            15860.6             23                  
BIN23BJaggII        8.192000e+07        1.638400e+07        0.000000e+00        2.000000e-01        1.000456e+09        1.775000e+03        1.661197e-18        9.358859e-22        1.213598e-07        3.915065e-07        2.046854e-08        1.800000            250.8               23                  
BIN23BJaggIII       8.192000e+07        1.638400e+07        0.000000e+00        2.000000e-01        1.000456e+09        1.775000e+03        1.661197e-18        9.358859e-22        1.213598e-07        1.264553e-07        9.727754e-08        1.800000            2.0                 23                  
BIN23CJaggI         8.192000e+07        4.096000e+06        0.000000e+00        5.000000e-02        9.880699e+08        1.775000e+03        1.640631e-18        9.242990e-22        1.208569e-07        1.032536e-06        5.429137e-09        1.800000            15664.3             23                  
BIN23CJaggII        8.192000e+07        4.096000e+06        0.000000e+00        5.000000e-02        9.880699e+08        1.775000e+03        1.640631e-18        9.242990e-22        1.208569e-07        3.888062e-07        2.046854e-08        1.800000            247.7               23                  
BIN23CJaggIII       8.192000e+07        4.096000e+06        0.000000e+00        5.000000e-02        9.880699e+08        1.775000e+03        1.640631e-18        9.242990e-22        1.208569e-07        1.255831e-07        9.727754e-08        1.800000            2.0                 23                  
BIN24AJaggI         1.638400e+08        4.915200e+07        0.000000e+00        3.000000e-01        2.017427e+09        1.812500e+03        3.349817e-18        1.848175e-21        1.522585e-07        1.535087e-06        5.429137e-09        1.800000            31983.1             24                  
BIN24AJaggII        1.638400e+08        4.915200e+07        0.000000e+00        3.000000e-01        2.017427e+09        1.812500e+03        3.349817e-18        1.848175e-21        1.522585e-07        5.780443e-07        2.046854e-08        1.800000            505.8               24                  
BIN24AJaggIII       1.638400e+08        4.915200e+07        0.000000e+00        3.000000e-01        2.017427e+09        1.812500e+03        3.349817e-18        1.848175e-21        1.522585e-07        1.867064e-07        9.727754e-08        1.800000            4.0                 24                  
BIN24BJaggI         1.638400e+08        3.276800e+07        0.000000e+00        2.000000e-01        2.000912e+09        1.812500e+03        3.322395e-18        1.833046e-21        1.518419e-07        1.528093e-06        5.429137e-09        1.800000            31721.2             24                  
BIN24BJaggII        1.638400e+08        3.276800e+07        0.000000e+00        2.000000e-01        2.000912e+09        1.812500e+03        3.322395e-18        1.833046e-21        1.518419e-07        5.754106e-07        2.046854e-08        1.800000            501.6               24                  
BIN24BJaggIII       1.638400e+08        3.276800e+07        0.000000e+00        2.000000e-01        2.000912e+09        1.812500e+03        3.322395e-18        1.833046e-21        1.518419e-07        1.858557e-07        9.727754e-08        1.800000            4.0                 24                  
BIN24CJaggI         1.638400e+08        8.192000e+06        0.000000e+00        5.000000e-02        1.976140e+09        1.812500e+03        3.281262e-18        1.810351e-21        1.512126e-07        1.517553e-06        5.429137e-09        1.800000            31328.5             24                  
BIN24CJaggII        1.638400e+08        8.192000e+06        0.000000e+00        5.000000e-02        1.976140e+09        1.812500e+03        3.281262e-18        1.810351e-21        1.512126e-07        5.714419e-07        2.046854e-08        1.800000            495.4               24                  
BIN24CJaggIII       1.638400e+08        8.192000e+06        0.000000e+00        5.000000e-02        1.976140e+09        1.812500e+03        3.281262e-18        1.810351e-21        1.512126e-07        1.845738e-07        9.727754e-08        1.800000            3.9                 24                  
BIN25AJaggI         3.276800e+08        9.830400e+07        0.000000e+00        3.000000e-01        4.034855e+09        1.850000e+03        6.699635e-18        3.621424e-21        1.905286e-07        2.256170e-06        5.429137e-09        1.800000            63966.1             25                  
BIN25AJaggII        3.276800e+08        9.830400e+07        0.000000e+00        3.000000e-01        4.034855e+09        1.850000e+03        6.699635e-18        3.621424e-21        1.905286e-07        8.495717e-07        2.046854e-08        1.800000            1011.6              25                  
BIN25AJaggIII       3.276800e+08        9.830400e+07        0.000000e+00        3.000000e-01        4.034855e+09        1.850000e+03        6.699635e-18        3.621424e-21        1.905286e-07        2.744088e-07        9.727754e-08        1.800000            8.0                 25                  
BIN25BJaggI         3.276800e+08        6.553600e+07        0.000000e+00        2.000000e-01        4.001825e+09        1.850000e+03        6.644790e-18        3.591778e-21        1.900073e-07        2.245891e-06        5.429137e-09        1.800000            63442.5             25                  
BIN25BJaggII        3.276800e+08        6.553600e+07        0.000000e+00        2.000000e-01        4.001825e+09        1.850000e+03        6.644790e-18        3.591778e-21        1.900073e-07        8.457009e-07        2.046854e-08        1.800000            1003.3              25                  
BIN25BJaggIII       3.276800e+08        6.553600e+07        0.000000e+00        2.000000e-01        4.001825e+09        1.850000e+03        6.644790e-18        3.591778e-21        1.900073e-07        2.731586e-07        9.727754e-08        1.800000            7.9                 25                  
BIN25CJaggI         3.276800e+08        1.638400e+07        0.000000e+00        5.000000e-02        3.952280e+09        1.850000e+03        6.562523e-18        3.547310e-21        1.892199e-07        2.230401e-06        5.429137e-09        1.800000            62657.0             25                  
BIN25CJaggII        3.276800e+08        1.638400e+07        0.000000e+00        5.000000e-02        3.952280e+09        1.850000e+03        6.562523e-18        3.547310e-21        1.892199e-07        8.398679e-07        2.046854e-08        1.800000            990.9               25                  
BIN25CJaggIII       3.276800e+08        1.638400e+07        0.000000e+00        5.000000e-02        3.952280e+09        1.850000e+03        6.562523e-18        3.547310e-21        1.892199e-07        2.712745e-07        9.727754e-08        1.800000            7.8                 25                  