<?xml version="1.0" encoding="utf-8"?>
<opensmoke version="0.1a">
<coefficients>
-3.834583e-26   -6.348444e-19   1.770707e-26    6.471806e-21    2.951835e-23    9.932900e-27    -7.755727e-24   -3.464063e-24   1.241340e-23    -6.318892e-19   -7.824277e-22   -3.004571e-22   -9.130253e-29   1.493492e-23    3.254355e-25    2.209916e-28    6.755549e-23    -2.420904e-23   
-1.214963e-22   -5.718261e-15   -3.394023e-23   -3.471886e-17   -6.357001e-20   -2.629641e-22   -1.270956e-19   -1.600400e-20   -3.363325e-20   -1.018714e-16   -1.331193e-17   -3.019432e-18   -1.587457e-25   -1.219758e-20   2.856732e-21    -1.689272e-24   -3.580544e-20   -3.167442e-19   
-4.853874e-22   -2.284835e-14   -1.356790e-22   -1.387564e-16   -2.541153e-19   -1.050838e-21   -5.078530e-19   -6.394192e-20   -1.344362e-19   -4.051877e-16   -5.319250e-17   -1.206479e-17   -6.340775e-25   -4.878654e-20   1.141456e-20    -6.751017e-24   -1.432817e-19   -1.265642e-18   
-1.090751e-21   -5.134549e-14   -3.049301e-22   -3.118307e-16   -5.711017e-19   -2.361523e-21   -1.141272e-18   -1.436904e-19   -3.021296e-19   -9.097803e-16   -1.195374e-16   -2.711240e-17   -1.424830e-24   -1.096553e-19   2.565109e-20    -1.517160e-23   -3.220771e-19   -2.844205e-18   
-1.936637e-21   -9.116467e-14   -5.414280e-22   -5.536683e-16   -1.014029e-18   -4.192947e-21   -2.026352e-18   -2.551239e-19   -5.364486e-19   -1.614858e-15   -2.122429e-16   -4.813849e-17   -2.529760e-24   -1.947080e-19   4.554382e-20    -2.693770e-23   -5.719103e-19   -5.049941e-18   
-3.022111e-21   -1.422613e-13   -8.449107e-22   -8.639987e-16   -1.582403e-18   -6.543059e-21   -3.162105e-18   -3.981181e-19   -8.371313e-19   -2.519643e-15   -3.312076e-16   -7.511949e-17   -3.947641e-24   -3.038501e-19   7.107039e-20    -4.203615e-23   -8.925035e-19   -7.880384e-18   
-4.346253e-21   -2.045912e-13   -1.215121e-21   -1.242554e-15   -2.275734e-18   -9.409826e-21   -4.547554e-18   -5.725512e-19   -1.203919e-18   -3.623371e-15   -4.763334e-16   -1.080321e-16   -5.677269e-24   -4.369890e-19   1.022086e-19    -6.045389e-23   -1.283584e-18   -1.133310e-17   
-5.908170e-21   -2.781110e-13   -1.651809e-21   -1.689072e-15   -3.093545e-18   -1.279125e-20   -6.181744e-18   -7.783040e-19   -1.636558e-18   -4.925306e-15   -6.475281e-16   -1.468534e-16   -7.717480e-24   -5.940348e-19   1.389366e-19    -8.217810e-23   -1.744887e-18   -1.540570e-17   
-7.707008e-21   -3.627781e-13   -2.154734e-21   -2.203295e-15   -4.035372e-18   -1.668537e-20   -8.063748e-18   -1.015263e-18   -2.134803e-18   -6.424749e-15   -8.447100e-16   -1.915610e-16   -1.006717e-23   -7.749023e-19   1.812328e-19    -1.071962e-22   -2.276161e-18   -2.009588e-17   
-9.741962e-21   -4.585512e-13   -2.723668e-21   -2.784975e-15   -5.100775e-18   -2.109029e-20   -1.019269e-17   -1.283321e-18   -2.698420e-18   -8.121059e-15   -1.067816e-15   -2.421332e-16   -1.272534e-23   -9.795141e-19   2.290758e-19    -1.354961e-22   -2.877176e-18   -2.540142e-17   
-1.201230e-20   -5.653910e-13   -3.358399e-21   -3.433876e-15   -6.289353e-18   -2.600419e-20   -1.256776e-17   -1.582385e-18   -3.327192e-18   -1.001369e-14   -1.316818e-15   -2.985495e-16   -1.569116e-23   -1.207806e-18   2.824449e-19    -1.670663e-22   -3.547737e-18   -3.132029e-17   
-1.451738e-20   -6.832601e-13   -4.058737e-21   -4.149777e-15   -7.600757e-18   -3.142536e-20   -1.518827e-17   -1.912384e-18   -4.020930e-18   -1.210221e-14   -1.591746e-15   -3.607907e-16   -1.896410e-23   -1.459736e-18   3.413192e-19    -2.018960e-22   -4.287707e-18   -3.785072e-17   
-1.725664e-20   -8.121232e-13   -4.824504e-21   -4.932471e-15   -9.034723e-18   -3.735222e-20   -1.805368e-17   -2.273276e-18   -4.779487e-18   -1.438640e-14   -1.892737e-15   -4.288395e-16   -2.254408e-23   -1.735297e-18   4.056776e-19    -2.399756e-22   -5.097046e-18   -4.499130e-17   
-2.022957e-20   -9.519459e-13   -5.655516e-21   -5.781765e-15   -1.059111e-17   -4.378324e-20   -2.116372e-17   -2.665070e-18   -5.602770e-18   -1.686626e-14   -2.220114e-15   -5.026805e-16   -2.643180e-23   -2.034545e-18   4.754967e-19    -2.812965e-22   -5.975865e-18   -5.274116e-17   
-2.343562e-20   -1.102691e-12   -6.551533e-21   -6.697450e-15   -1.226993e-17   -5.071688e-20   -2.451844e-17   -3.087855e-18   -6.490761e-18   -1.954215e-14   -2.574525e-15   -5.822990e-16   -3.062921e-23   -2.357632e-18   5.507470e-19    -3.258508e-22   -6.924523e-18   -6.110011e-17   
-2.687379e-20   -1.264310e-12   -7.512141e-21   -7.679259e-15   -1.407142e-17   -5.815120e-20   -2.811833e-17   -3.541831e-18   -7.443541e-18   -2.241476e-14   -2.957179e-15   -6.676792e-16   -3.514028e-23   -2.704867e-18   6.313855e-19    -3.736300e-22   -7.943773e-18   -7.006885e-17   
-3.054206e-20   -1.436722e-12   -8.536509e-21   -8.726750e-15   -1.599609e-17   -6.608320e-20   -3.196448e-17   -4.027377e-18   -8.461298e-18   -2.548515e-14   -3.370242e-15   -7.587973e-16   -3.997219e-23   -3.076817e-18   7.173402e-19    -4.246219e-22   -9.034985e-18   -7.964911e-17   
-3.443598e-20   -1.619782e-12   -9.622932e-21   -9.839085e-15   -1.804477e-17   -7.450735e-20   -3.605862e-17   -4.545123e-18   -9.544329e-18   -2.875452e-14   -3.817498e-15   -8.556091e-16   -4.513722e-23   -3.474460e-18   8.084836e-19    -4.788035e-22   -1.020050e-17   -8.984354e-17   
-3.854623e-20   -1.813206e-12   -1.076799e-20   -1.101463e-14   -2.021857e-17   -8.341299e-20   -4.040319e-17   -5.096072e-18   -1.069300e-17   -3.222372e-14   -4.305422e-15   -9.580254e-16   -5.065567e-23   -3.899416e-18   9.045840e-19    -5.361289e-22   -1.144416e-17   -1.006553e-16   
-4.285428e-20   -2.016461e-12   -1.196513e-20   -1.225024e-14   -2.251878e-17   -9.277967e-20   -4.500116e-17   -5.681755e-18   -1.190761e-17   -3.589209e-14   -4.844888e-15   -1.065869e-15   -5.656027e-23   -4.354320e-18   1.005225e-18    -5.965053e-22   -1.277210e-17   -1.120868e-16   
-4.732511e-20   -2.228566e-12   -1.320222e-20   -1.354006e-14   -2.494654e-17   -1.025695e-19   -4.985547e-17   -6.304439e-18   -1.318815e-17   -3.975537e-14   -5.453790e-15   -1.178798e-15   -6.290255e-23   -4.843344e-18   1.109672e-18    -6.597541e-22   -1.419391e-17   -1.241371e-16   
-5.189578e-20   -2.447787e-12   -1.445786e-20   -1.487370e-14   -2.750217e-17   -1.127147e-19   -5.496786e-17   -6.967365e-18   -1.453379e-17   -4.380188e-14   -6.160865e-15   -1.296192e-15   -6.976175e-23   -5.372946e-18   1.216673e-18    -7.255480e-22   -1.572418e-17   -1.367973e-16   
-5.645871e-20   -2.671195e-12   -1.569598e-20   -1.623346e-14   -3.018385e-17   -1.231004e-19   -6.033651e-17   -7.674985e-18   -1.594207e-17   -4.800655e-14   -7.010808e-15   -1.416972e-15   -7.725575e-23   -5.952787e-18   1.324169e-18    -7.933169e-22   -1.738435e-17   -1.500420e-16   
-6.470202e-20   -3.107363e-12   -1.783539e-20   -1.889035e-14   -3.589097e-17   -1.436733e-19   -7.178762e-17   -9.250831e-18   -1.891748e-17   -5.664816e-14   -9.460950e-15   -1.659904e-15   -9.494610e-23   -7.329099e-18   1.524833e-18    -9.301180e-22   -2.123737e-17   -1.779966e-16   
-6.795515e-20   -3.309224e-12   -1.859526e-20   -2.012097e-14   -3.890635e-17   -1.534345e-19   -7.785692e-17   -1.013381e-17   -2.047398e-17   -6.096659e-14   -1.122365e-14   -1.778046e-15   -1.055546e-22   -8.159564e-18   1.610501e-18    -9.970375e-22   -2.350488e-17   -1.925990e-16   
-7.001819e-20   -3.485187e-12   -1.894702e-20   -2.119398e-14   -4.201609e-17   -1.622590e-19   -8.413808e-17   -1.110044e-17   -2.206186e-17   -6.510704e-14   -1.357339e-14   -1.888465e-15   -1.179101e-22   -9.132002e-18   1.676069e-18    -1.060074e-21   -2.610327e-17   -2.074721e-16   
-7.034456e-20   -3.621943e-12   -1.871229e-20   -2.202742e-14   -4.519894e-17   -1.696255e-19   -9.059655e-17   -1.216455e-17   -2.366390e-17   -6.889334e-14   -1.670311e-14   -1.986190e-15   -1.324572e-22   -1.028305e-17   1.712676e-18    -1.116606e-21   -2.911199e-17   -2.224463e-16   
-6.839861e-20   -3.707005e-12   -1.771703e-20   -2.254402e-14   -4.843401e-17   -1.750475e-19   -9.719754e-17   -1.333843e-17   -2.526338e-17   -7.214738e-14   -2.080517e-14   -2.066587e-15   -1.496132e-22   -1.164650e-17   1.712122e-18    -1.164195e-21   -3.260540e-17   -2.373599e-16   
-6.379725e-20   -3.732268e-12   -1.583748e-20   -2.269314e-14   -5.170813e-17   -1.782125e-19   -1.039179e-16   -1.462990e-17   -2.684929e-17   -7.474051e-14   -2.602642e-14   -2.126714e-15   -1.696664e-22   -1.324447e-17   1.669195e-18    -1.201297e-21   -3.663493e-17   -2.521106e-16   
-5.644923e-20   -3.697223e-12   -1.304481e-20   -2.247089e-14   -5.502290e-17   -1.791080e-19   -1.107579e-16   -1.603996e-17   -2.842122e-17   -7.664899e-14   -3.240525e-14   -2.166533e-15   -1.926918e-22   -1.507966e-17   1.583817e-18    -1.227905e-21   -4.121416e-17   -2.667055e-16   
-4.661967e-20   -3.609990e-12   -9.425246e-21   -2.192717e-14   -5.839759e-17   -1.780602e-19   -1.177458e-16   -1.756239e-17   -2.999113e-17   -7.798547e-14   -3.977542e-14   -2.189291e-15   -2.185258e-22   -1.713320e-17   1.461736e-18    -1.245739e-21   -4.631448e-17   -2.812783e-16   
-3.488791e-20   -3.485352e-12   -5.166441e-21   -2.115540e-14   -6.186456e-17   -1.756626e-19   -1.249314e-16   -1.918516e-17   -3.158061e-17   -7.898404e-14   -4.759713e-14   -2.200809e-15   -2.467911e-22   -1.936837e-17   1.313224e-18    -1.257859e-21   -5.186944e-17   -2.960585e-16   
-2.202178e-20   -3.342099e-12   -5.197162e-22   -2.026951e-14   -6.545455e-17   -1.726262e-19   -1.323637e-16   -2.089040e-17   -3.321347e-17   -7.992485e-14   -5.478319e-14   -2.207958e-15   -2.768864e-22   -2.173560e-17   1.150552e-18    -1.267863e-21   -5.777156e-17   -3.112856e-16   
-8.799786e-21   -3.197862e-12   4.249972e-21    -1.937461e-14   -6.917049e-17   -1.695968e-19   -1.400505e-16   -2.265033e-17   -3.490383e-17   -8.099298e-14   -5.982574e-14   -2.216729e-15   -3.078638e-22   -2.417375e-17   9.851180e-19    -1.278868e-21   -6.384807e-17   -3.270706e-16   
4.165008e-21    -3.064676e-12   8.912885e-21    -1.854146e-14   -7.296106e-17   -1.670039e-19   -1.479176e-16   -2.442135e-17   -3.664459e-17   -8.212619e-14   -6.136932e-14   -2.230609e-15   -3.382740e-22   -2.660881e-17   8.252279e-19    -1.292662e-21   -6.983048e-17   -3.432614e-16   
1.650971e-20    -2.948781e-12   1.330163e-20    -1.779570e-14   -7.671582e-17   -1.650180e-19   -1.557998e-16   -2.614335e-17   -3.840476e-17   -8.296432e-14   -5.879636e-14   -2.250159e-15   -3.661775e-22   -2.895584e-17   6.754988e-19    -1.309502e-21   -7.535587e-17   -3.594165e-16   
2.239859e-20    -2.897961e-12   1.535964e-20    -1.745956e-14   -7.853769e-17   -1.642537e-19   -1.596832e-16   -2.696587e-17   -3.927897e-17   -8.311460e-14   -5.599860e-14   -2.261688e-15   -3.785521e-22   -3.007047e-17   6.050847e-19    -1.318861e-21   -7.782732e-17   -3.673029e-16   
2.808760e-20    -2.851852e-12   1.731140e-20    -1.714958e-14   -8.029056e-17   -1.636236e-19   -1.634797e-16   -2.774829e-17   -4.013883e-17   -8.295907e-14   -5.232975e-14   -2.273927e-15   -3.894253e-22   -3.112823e-17   5.378004e-19    -1.328607e-21   -8.001951e-17   -3.749237e-16   
3.357605e-20    -2.810304e-12   1.915025e-20    -1.686126e-14   -8.195481e-17   -1.631118e-19   -1.671591e-16   -2.848195e-17   -4.097774e-17   -8.241802e-14   -4.791302e-14   -2.286555e-15   -3.985343e-22   -3.211884e-17   4.736774e-19    -1.338574e-21   -8.188249e-17   -3.821937e-16   
3.886680e-20    -2.773114e-12   2.087186e-20    -1.659165e-14   -8.351256e-17   -1.627019e-19   -1.706941e-16   -2.915904e-17   -4.178966e-17   -8.141810e-14   -4.288643e-14   -2.299259e-15   -4.056455e-22   -3.303323e-17   4.127059e-19    -1.348607e-21   -8.337163e-17   -3.890346e-16   
4.396477e-20    -2.740051e-12   2.247402e-20    -1.633812e-14   -8.494814e-17   -1.623777e-19   -1.740607e-16   -2.977277e-17   -4.256926e-17   -7.989415e-14   -3.739275e-14   -2.311749e-15   -4.105603e-22   -3.386365e-17   3.548515e-19    -1.358572e-21   -8.444891e-17   -3.953775e-16   
4.887581e-20    -2.710881e-12   2.395637e-20    -1.609825e-14   -8.624831e-17   -1.621245e-19   -1.772385e-16   -3.031745e-17   -4.331203e-17   -7.779035e-14   -3.157188e-14   -2.323771e-15   -4.131190e-22   -3.460375e-17   3.000649e-19    -1.368363e-21   -8.508380e-17   -4.011643e-16   
5.360615e-20    -2.685379e-12   2.532022e-20    -1.586994e-14   -8.740231e-17   -1.619292e-19   -1.802111e-16   -3.078845e-17   -4.401429e-17   -7.506037e-14   -2.555543e-14   -2.335109e-15   -4.132018e-22   -3.524846e-17   2.482894e-19    -1.377910e-21   -8.525402e-17   -4.063472e-16   
5.816196e-20    -2.663331e-12   2.656846e-20    -1.565136e-14   -8.840168e-17   -1.617810e-19   -1.829658e-16   -3.118217e-17   -4.467316e-17   -7.166680e-14   -1.946331e-14   -2.345589e-15   -4.107292e-22   -3.579397e-17   1.994650e-19    -1.387172e-21   -8.494598e-17   -4.108887e-16   
6.254936e-20    -2.644540e-12   2.770546e-20    -1.544099e-14   -8.924006e-17   -1.616708e-19   -1.854928e-16   -3.149585e-17   -4.528651e-17   -6.757995e-14   -1.340170e-14   -2.355070e-15   -4.056601e-22   -3.623749e-17   1.535324e-19    -1.396136e-21   -8.415492e-17   -4.147606e-16   
6.677463e-20    -2.628825e-12   2.873705e-20    -1.523751e-14   -8.991280e-17   -1.615918e-19   -1.877854e-16   -3.172748e-17   -4.585279e-17   -6.277624e-14   -7.462078e-15   -2.363447e-15   -3.979899e-22   -3.657708e-17   1.104354e-19    -1.404801e-21   -8.288442e-17   -4.179422e-16   
7.084469e-20    -2.616025e-12   2.967064e-20    -1.503983e-14   -9.041666e-17   -1.615386e-19   -1.898390e-16   -3.187557e-17   -4.637099e-17   -5.723627e-14   -1.721089e-15   -2.370643e-15   -3.877476e-22   -3.681144e-17   7.012434e-20    -1.413175e-21   -8.114531e-17   -4.204192e-16   
7.476798e-20    -2.605989e-12   3.051533e-20    -1.484699e-14   -9.074933e-17   -1.615080e-19   -1.916503e-16   -3.193896e-17   -4.684046e-17   -5.094259e-14   3.759063e-15    -2.376604e-15   -3.749928e-22   -3.693963e-17   3.255822e-20    -1.421265e-21   -7.895417e-17   -4.221820e-16   
7.855580e-20    -2.598584e-12   3.128218e-20    -1.465808e-14   -9.090910e-17   -1.614981e-19   -1.932174e-16   -3.191660e-17   -4.726079e-17   -4.387730e-14   8.929789e-15    -2.381294e-15   -3.598124e-22   -3.696087e-17   -2.291687e-21   -1.429085e-21   -7.633172e-17   -4.232240e-16   
8.222421e-20    -2.593683e-12   3.198464e-20    -1.447218e-14   -9.089441e-17   -1.615083e-19   -1.945384e-16   -3.180734e-17   -4.763168e-17   -3.601940e-14   1.375506e-14    -2.384690e-15   -3.423175e-22   -3.687424e-17   -3.443888e-20   -1.436649e-21   -7.330149e-17   -4.235399e-16   
8.579670e-20    -2.591160e-12   3.263909e-20    -1.428828e-14   -9.070348e-17   -1.615396e-19   -1.956109e-16   -3.160971e-17   -4.795280e-17   -2.734205e-14   1.821018e-14    -2.386775e-15   -3.226397e-22   -3.667846e-17   -6.387789e-20   -1.443977e-21   -6.988870e-17   -4.231241e-16   
8.930775e-20    -2.590887e-12   3.326550e-20    -1.410513e-14   -9.033393e-17   -1.615941e-19   -1.964317e-16   -3.132168e-17   -4.822363e-17   -1.780966e-14   2.228053e-14    -2.387537e-15   -3.009288e-22   -3.637161e-17   -9.058022e-20   -1.451089e-21   -6.611940e-17   -4.219695e-16   
9.280723e-20    -2.592714e-12   3.388829e-20    -1.392111e-14   -8.978247e-17   -1.616752e-19   -1.969956e-16   -3.094042e-17   -4.844336e-17   -7.375033e-15   2.596031e-14    -2.386959e-15   -2.773495e-22   -3.595082e-17   -1.144896e-19   -1.458014e-21   -6.201987e-17   -4.200660e-16   
9.636560e-20    -2.596461e-12   3.453708e-20    -1.373416e-14   -8.904458e-17   -1.617875e-19   -1.972952e-16   -3.046207e-17   -4.861069e-17   4.022824e-15    2.925125e-14    -2.385019e-15   -2.520795e-22   -3.541209e-17   -1.355166e-19   -1.464782e-21   -5.761613e-17   -4.173993e-16   
1.000790e-19    -2.601889e-12   3.524715e-20    -1.354157e-14   -8.811425e-17   -1.619368e-19   -1.973194e-16   -2.988146e-17   -4.872369e-17   1.645948e-14    3.216153e-14    -2.381684e-15   -2.253068e-22   -3.474988e-17   -1.535322e-19   -1.471428e-21   -5.293376e-17   -4.139497e-16   
1.040727e-19    -2.608681e-12   3.605934e-20    -1.333985e-14   -8.698374e-17   -1.621302e-19   -1.970530e-16   -2.919193e-17   -4.877959e-17   3.002253e-14    3.470467e-14    -2.376902e-15   -1.972286e-22   -3.395695e-17   -1.683596e-19   -1.477993e-21   -4.799781e-17   -4.096917e-16   
1.085007e-19    -2.616408e-12   3.701844e-20    -1.312480e-14   -8.564350e-17   -1.623763e-19   -1.964755e-16   -2.838505e-17   -4.877458e-17   4.480313e-14    3.689856e-14    -2.370604e-15   -1.680498e-22   -3.302400e-17   -1.797656e-19   -1.484522e-21   -4.283298e-17   -4.045932e-16   
1.135379e-19    -2.624526e-12   3.816987e-20    -1.289156e-14   -8.408208e-17   -1.626848e-19   -1.955594e-16   -2.745057e-17   -4.870344e-17   6.087862e-14    3.876456e-14    -2.362693e-15   -1.379827e-22   -3.193956e-17   -1.874494e-19   -1.491069e-21   -3.746395e-17   -3.986152e-16   
1.193645e-19    -2.632423e-12   3.955497e-20    -1.263533e-14   -8.228631e-17   -1.630668e-19   -1.942692e-16   -2.637635e-17   -4.855923e-17   7.829124e-14    4.032662e-14    -2.353040e-15   -1.072465e-22   -3.068986e-17   -1.910299e-19   -1.497697e-21   -3.191608e-17   -3.917124e-16   
1.226231e-19    -2.636046e-12   4.034506e-20    -1.249690e-14   -8.129647e-17   -1.632888e-19   -1.934714e-16   -2.578302e-17   -4.845726e-17   8.749542e-14    4.100093e-14    -2.347515e-15   -9.169169e-23   -2.999866e-17   -1.911515e-19   -1.501061e-21   -2.908264e-17   -3.879002e-16   
1.261391e-19    -2.639252e-12   4.120439e-20    -1.235030e-14   -8.024247e-17   -1.635337e-19   -1.925617e-16   -2.514946e-17   -4.833333e-17   9.701414e-14    4.160916e-14    -2.341488e-15   -7.605686e-23   -2.926001e-17   -1.900574e-19   -1.504473e-21   -2.621497e-17   -3.838376e-16   
1.299206e-19    -2.641973e-12   4.213269e-20    -1.219532e-14   -7.912241e-17   -1.638032e-19   -1.915326e-16   -2.447381e-17   -4.818587e-17   1.068247e-13    4.215466e-14    -2.334930e-15   -6.037208e-23   -2.847171e-17   -1.876708e-19   -1.507945e-21   -2.331692e-17   -3.795178e-16   
1.339678e-19    -2.644139e-12   4.312729e-20    -1.203187e-14   -7.793441e-17   -1.640986e-19   -1.903758e-16   -2.375422e-17   -4.801310e-17   1.168922e-13    4.264079e-14    -2.327812e-15   -4.466811e-23   -2.763153e-17   -1.839077e-19   -1.511487e-21   -2.039257e-17   -3.749342e-16   
1.382722e-19    -2.645694e-12   4.418320e-20    -1.186008e-14   -7.667668e-17   -1.644214e-19   -1.890820e-16   -2.298891e-17   -4.781302e-17   1.271720e-13    4.307086e-14    -2.320099e-15   -2.897648e-23   -2.673727e-17   -1.786758e-19   -1.515111e-21   -1.744633e-17   -3.700806e-16   
1.428172e-19    -2.646608e-12   4.529330e-20    -1.168033e-14   -7.534753e-17   -1.647728e-19   -1.876411e-16   -2.217618e-17   -4.758337e-17   1.376105e-13    4.344814e-14    -2.311753e-15   -1.332954e-23   -2.578679e-17   -1.718746e-19   -1.518828e-21   -1.448296e-17   -3.649508e-16   
1.475779e-19    -2.646882e-12   4.644855e-20    -1.149328e-14   -7.394546e-17   -1.651539e-19   -1.860421e-16   -2.131450e-17   -4.732168e-17   1.481471e-13    4.377582e-14    -2.302735e-15   2.239558e-24    -2.477813e-17   -1.633950e-19   -1.522652e-21   -1.150758e-17   -3.595395e-16   
1.525224e-19    -2.646551e-12   4.763837e-20    -1.129989e-14   -7.246921e-17   -1.655654e-19   -1.842732e-16   -2.040261e-17   -4.702517e-17   1.587162e-13    4.405699e-14    -2.293003e-15   1.769690e-23    -2.370955e-17   -1.531192e-19   -1.526595e-21   -8.525709e-18   -3.538421e-16   
1.576131e-19    -2.645683e-12   4.885114e-20    -1.110136e-14   -7.091778e-17   -1.660078e-19   -1.823219e-16   -1.943950e-17   -4.669084e-17   1.692500e-13    4.429462e-14    -2.282511e-15   3.300802e-23    -2.257962e-17   -1.409209e-19   -1.530670e-21   -5.543270e-18   -3.478549e-16   
1.628086e-19    -2.644379e-12   5.007475e-20    -1.089911e-14   -6.929054e-17   -1.664814e-19   -1.801752e-16   -1.842458e-17   -4.631544e-17   1.796816e-13    4.449157e-14    -2.271213e-15   4.813807e-23    -2.138731e-17   -1.266653e-19   -1.534890e-21   -2.566536e-18   -3.415757e-16   
1.680662e-19    -2.642763e-12   5.129721e-20    -1.069472e-14   -6.758727e-17   -1.669859e-19   -1.778195e-16   -1.735765e-17   -4.589551e-17   1.899476e-13    4.465060e-14    -2.259063e-15   6.305225e-23    -2.013209e-17   -1.102093e-19   -1.539269e-21   3.979094e-19    -3.350034e-16   
1.733432e-19    -2.640979e-12   5.250711e-20    -1.048983e-14   -6.580815e-17   -1.675207e-19   -1.752410e-16   -1.623904e-17   -4.542737e-17   1.999908e-13    4.477433e-14    -2.246014e-15   7.771616e-23    -1.881397e-17   -9.140259e-20   -1.543820e-21   3.343256e-18    -3.281387e-16   
1.785996e-19    -2.639181e-12   5.369411e-20    -1.028608e-14   -6.395383e-17   -1.680850e-19   -1.724261e-16   -1.506957e-17   -4.490724e-17   2.097614e-13    4.486528e-14    -2.232022e-15   9.209631e-23    -1.743358e-17   -7.008711e-20   -1.548558e-21   6.262565e-18    -3.209836e-16   
1.837987e-19    -2.637520e-12   5.484913e-20    -1.008505e-14   -6.202537e-17   -1.686774e-19   -1.693611e-16   -1.385059e-17   -4.433120e-17   2.192183e-13    4.492583e-14    -2.217044e-15   1.061605e-22    -1.599216e-17   -4.609819e-20   -1.553496e-21   9.148879e-18    -3.135419e-16   
1.889085e-19    -2.636145e-12   5.596454e-20    -9.888171e-15   -6.002426e-17   -1.692963e-19   -1.660328e-16   -1.258400e-17   -4.369530e-17   2.283287e-13    4.495827e-14    -2.201040e-15   1.198785e-22    -1.449160e-17   -1.926494e-20   -1.558648e-21   1.199535e-17    -3.058184e-16   
1.939017e-19    -2.635190e-12   5.703410e-20    -9.696732e-15   -5.795238e-17   -1.699396e-19   -1.624289e-16   -1.127221e-17   -4.299560e-17   2.370681e-13    4.496480e-14    -2.183974e-15   1.332221e-22    -1.293441e-17   1.058895e-20    -1.564047e-21   1.479535e-17    -2.978197e-16   
1.987558e-19    -2.634776e-12   5.805292e-20    -9.511827e-15   -5.581195e-17   -1.706050e-19   -1.585376e-16   -9.918137e-18   -4.222824e-17   2.454193e-13    4.494749e-14    -2.165814e-15   1.461661e-22    -1.132374e-17   4.364143e-20    -1.569561e-21   1.754207e-17    -2.895547e-16   
2.034526e-19    -2.635005e-12   5.901723e-20    -9.334358e-15   -5.360545e-17   -1.712898e-19   -1.543485e-16   -8.525138e-18   -4.138948e-17   2.533713e-13    4.490834e-14    -2.146530e-15   1.586880e-22    -9.663278e-18   8.007472e-20    -1.575055e-21   2.022917e-17    -2.810333e-16   
2.079778e-19    -2.635964e-12   5.992425e-20    -9.165044e-15   -5.133558e-17   -1.719912e-19   -1.498522e-16   -7.096959e-18   -4.047578e-17   2.609187e-13    4.484924e-14    -2.126100e-15   1.707689e-22    -7.957199e-18   1.200780e-19    -1.580564e-21   2.285138e-17    -2.722640e-16   
2.123206e-19    -2.637721e-12   6.077198e-20    -9.004436e-15   -4.900517e-17   -1.727059e-19   -1.450407e-16   -5.637667e-18   -3.948386e-17   2.680601e-13    4.477201e-14    -2.104504e-15   1.823928e-22    -6.210095e-18   1.638439e-19    -1.586100e-21   2.540401e-17    -2.632558e-16   
2.164728e-19    -2.640332e-12   6.155903e-20    -8.852929e-15   -4.661707e-17   -1.734307e-19   -1.399077e-16   -4.151688e-18   -3.841077e-17   2.747980e-13    4.467837e-14    -2.081726e-15   1.935477e-22    -4.427014e-18   2.115687e-19    -1.591671e-21   2.788307e-17    -2.540174e-16   
2.204283e-19    -2.643840e-12   6.228448e-20    -8.710787e-15   -4.417411e-17   -1.741619e-19   -1.344486e-16   -2.643628e-18   -3.725391e-17   2.811377e-13    4.456992e-14    -2.057752e-15   2.042245e-22    -2.613245e-18   2.634518e-19    -1.597285e-21   3.028527e-17    -2.445568e-16   
2.241831e-19    -2.648277e-12   6.294780e-20    -8.578163e-15   -4.167905e-17   -1.748957e-19   -1.286597e-16   -1.118089e-18   -3.601095e-17   2.870868e-13    4.444823e-14    -2.032573e-15   2.144178e-22    -7.741004e-19   3.196946e-19    -1.602944e-21   3.260797e-17    -2.348815e-16   
2.277346e-19    -2.653667e-12   6.354872e-20    -8.455110e-15   -3.913444e-17   -1.756283e-19   -1.225387e-16   4.202804e-19    -3.467995e-17   2.926563e-13    4.431471e-14    -2.006179e-15   2.241252e-22    1.085030e-18    3.805016e-19    -1.608649e-21   3.484924e-17    -2.249978e-16   
2.310812e-19    -2.660024e-12   6.408720e-20    -8.341595e-15   -3.654264e-17   -1.763553e-19   -1.160851e-16   1.966859e-18    -3.325939e-17   2.978560e-13    4.417074e-14    -1.978562e-15   2.333472e-22    2.958766e-18    4.460805e-19    -1.614393e-21   3.700781e-17    -2.149107e-16   
2.342226e-19    -2.667359e-12   6.456337e-20    -8.237515e-15   -3.390571e-17   -1.770727e-19   -1.092994e-16   3.517105e-18    -3.174811e-17   3.026968e-13    4.401758e-14    -1.949715e-15   2.420869e-22    4.841804e-18    5.166426e-19    -1.620169e-21   3.908304e-17    -2.046237e-16   
2.371594e-19    -2.675675e-12   6.497753e-20    -8.142709e-15   -3.122544e-17   -1.777760e-19   -1.021837e-16   5.066606e-18    -3.014538e-17   3.071936e-13    4.385642e-14    -1.919629e-15   2.503499e-22    6.728974e-18    5.924026e-19    -1.625963e-21   4.107488e-17    -1.941385e-16   
2.398926e-19    -2.684971e-12   6.533009e-20    -8.056958e-15   -2.850326e-17   -1.784604e-19   -9.474129e-17   6.611108e-18    -2.845089e-17   3.113564e-13    4.368835e-14    -1.888296e-15   2.581438e-22    8.615285e-18    6.735789e-19    -1.631756e-21   4.298381e-17    -1.834552e-16   
2.424242e-19    -2.695240e-12   6.562156e-20    -7.980025e-15   -2.574029e-17   -1.791215e-19   -8.697667e-17   8.146549e-18    -2.666473e-17   3.152036e-13    4.351440e-14    -1.855707e-15   2.654780e-22    1.049596e-17    7.603932e-19    -1.637526e-21   4.481075e-17    -1.725718e-16   
2.447565e-19    -2.706475e-12   6.585254e-20    -7.911641e-15   -2.293731e-17   -1.797542e-19   -7.889567e-17   9.669069e-18    -2.478743e-17   3.187538e-13    4.333552e-14    -1.821849e-15   2.723631e-22    1.236643e-17    8.530700e-19    -1.643244e-21   4.655706e-17    -1.614849e-16   
2.468926e-19    -2.718667e-12   6.602370e-20    -7.851512e-15   -2.009484e-17   -1.803536e-19   -7.050537e-17   1.117502e-17    -2.281994e-17   3.220184e-13    4.315258e-14    -1.786712e-15   2.788111e-22    1.422241e-17    9.518360e-19    -1.648874e-21   4.822440e-17    -1.501892e-16   
2.488357e-19    -2.731840e-12   6.613566e-20    -7.799438e-15   -1.721309e-17   -1.809146e-19   -6.181418e-17   1.266097e-17    -2.076368e-17   3.250126e-13    4.296642e-14    -1.750280e-15   2.848348e-22    1.605981e-17    1.056918e-18    -1.654377e-21   4.981473e-17    -1.386778e-16   
2.505897e-19    -2.745930e-12   6.618946e-20    -7.754834e-15   -1.429210e-17   -1.814321e-19   -5.283191e-17   1.412368e-17    -1.862054e-17   3.277522e-13    4.277777e-14    -1.712540e-15   2.904472e-22    1.787477e-17    1.168543e-18    -1.659707e-21   5.133018e-17    -1.269423e-16   
2.521587e-19    -2.760876e-12   6.618620e-20    -7.717104e-15   -1.133171e-17   -1.819008e-19   -4.356989e-17   1.556009e-17    -1.639290e-17   3.302544e-13    4.258735e-14    -1.673478e-15   2.956620e-22    1.966366e-17    1.286932e-18    -1.664810e-21   5.277306e-17    -1.149735e-16   
2.547599e-19    -2.793286e-12   6.601147e-20    -7.660569e-15   -5.291565e-18   -1.826677e-19   -2.426586e-17   1.834122e-17    -1.169760e-17   3.345978e-13    4.220407e-14    -1.591329e-15   3.049595e-22    2.314781e-17    1.544983e-18    -1.674062e-21   5.545171e-17    -9.028781e-17   
2.566722e-19    -2.828886e-12   6.561816e-20    -7.626712e-15   9.089449e-19    -1.831759e-19   -4.020078e-18   2.098450e-17    -6.706238e-18   3.381345e-13    4.182099e-14    -1.503755e-15   3.128265e-22    2.648819e-17    1.832553e-18    -1.681603e-21   5.786852e-17    -6.453735e-17   
2.579331e-19    -2.867463e-12   6.501532e-20    -7.612278e-15   7.269139e-18    -1.833852e-19   1.700724e-17    2.347079e-17    -1.459680e-18   3.409727e-13    4.144224e-14    -1.410746e-15   3.193625e-22    2.966132e-17    2.150880e-18    -1.686747e-21   6.004176e-17    -3.763490e-17   
2.585804e-19    -2.908749e-12   6.421259e-20    -7.613859e-15   1.378332e-17    -1.832589e-19   3.861670e-17    2.578245e-17    3.989650e-18    3.431981e-13    4.107154e-14    -1.312393e-15   3.246572e-22    3.264513e-17    2.500680e-18    -1.688667e-21   6.198772e-17    -9.505751e-18   
2.586850e-19    -2.930333e-12   6.373962e-20    -7.619747e-15   1.709481e-17    -1.830611e-19   4.957387e-17    2.686816e-17    6.772777e-18    3.441075e-13    4.089016e-14    -1.261273e-15   3.268617e-22    3.406013e-17    2.687412e-18    -1.688151e-21   6.287947e-17    5.034170e-18    
2.586510e-19    -2.952488e-12   6.322165e-20    -7.628446e-15   2.043889e-17    -1.827691e-19   6.058195e-17    2.790425e-17    9.581214e-18    3.449010e-13    4.071206e-14    -1.208924e-15   3.287843e-22    3.542012e-17    2.881907e-18    -1.686446e-21   6.371927e-17    1.989602e-17    
2.584834e-19    -2.975180e-12   6.266033e-20    -7.639567e-15   2.381230e-17    -1.823807e-19   7.160380e-17    2.888886e-17    1.240491e-17    3.455850e-13    4.053761e-14    -1.155404e-15   3.304330e-22    3.672265e-17    3.084002e-18    -1.683399e-21   6.450836e-17    3.508033e-17    
2.581869e-19    -2.998370e-12   6.205745e-20    -7.652721e-15   2.721108e-17    -1.818944e-19   8.259977e-17    2.982025e-17    1.523312e-17    3.461677e-13    4.036723e-14    -1.100787e-15   3.318152e-22    3.796538e-17    3.293455e-18    -1.678844e-21   6.524778e-17    5.058473e-17    
2.577661e-19    -3.021999e-12   6.141498e-20    -7.667441e-15   3.063048e-17    -1.813100e-19   9.352802e-17    3.069680e-17    1.805445e-17    3.466573e-13    4.020131e-14    -1.045157e-15   3.329377e-22    3.914608e-17    3.509940e-18    -1.672598e-21   6.593840e-17    6.640369e-17    
2.572257e-19    -3.046013e-12   6.073512e-20    -7.683276e-15   3.406499e-17    -1.806282e-19   1.043448e-16    3.151702e-17    2.085700e-17    3.470622e-13    4.004023e-14    -9.886146e-16   3.338070e-22    4.026268e-17    3.733036e-18    -1.664465e-21   6.658091e-17    8.252830e-17    
2.565704e-19    -3.070352e-12   6.002025e-20    -7.699774e-15   3.750830e-17    -1.798508e-19   1.150049e-16    3.227961e-17    2.362841e-17    3.473906e-13    3.988440e-14    -9.312731e-16   3.344289e-22    4.131326e-17    3.962223e-18    -1.654226e-21   6.717584e-17    9.894609e-17    
2.558048e-19    -3.094951e-12   5.927295e-20    -7.716463e-15   4.095332e-17    -1.789811e-19   1.254621e-16    3.298341e-17    2.635606e-17    3.476507e-13    3.973421e-14    -8.732596e-16   3.348091e-22    4.229613e-17    4.196880e-18    -1.641647e-21   6.772356e-17    1.156409e-16    
2.549336e-19    -3.119737e-12   5.849604e-20    -7.732849e-15   4.439222e-17    -1.780239e-19   1.356699e-16    3.362750e-17    2.902717e-17    3.478505e-13    3.959006e-14    -8.147143e-16   3.349530e-22    4.320980e-17    4.436274e-18    -1.626467e-21   6.822433e-17    1.325928e-16    
2.539613e-19    -3.144631e-12   5.769253e-20    -7.748409e-15   4.781644e-17    -1.769856e-19   1.455819e-16    3.421117e-17    3.162900e-17    3.479982e-13    3.945236e-14    -7.557896e-16   3.348657e-22    4.405305e-17    4.679565e-18    -1.608402e-21   6.867829e-17    1.497779e-16    
2.528923e-19    -3.169541e-12   5.686567e-20    -7.762576e-15   5.121677e-17    -1.758740e-19   1.551525e-16    3.473396e-17    3.414901e-17    3.481021e-13    3.932154e-14    -6.966490e-16   3.345524e-22    4.482493e-17    4.925803e-18    -1.587138e-21   6.908549e-17    1.671688e-16    
2.517311e-19    -3.194366e-12   5.601896e-20    -7.774736e-15   5.458340e-17    -1.746990e-19   1.643379e-16    3.519564e-17    3.657502e-17    3.481703e-13    3.919803e-14    -6.374660e-16   3.340184e-22    4.552478e-17    5.173927e-18    -1.562329e-21   6.944591e-17    1.847340e-16    
2.504818e-19    -3.218989e-12   5.515611e-20    -7.784216e-15   5.790599e-17    -1.734723e-19   1.730962e-16    3.559627e-17    3.889544e-17    3.482112e-13    3.908228e-14    -5.784225e-16   3.332688e-22    4.615225e-17    5.422770e-18    -1.533596e-21   6.975948e-17    2.024385e-16    
2.491488e-19    -3.243277e-12   5.428110e-20    -7.790267e-15   6.117379e-17    -1.722073e-19   1.813886e-16    3.593619e-17    4.109941e-17    3.482335e-13    3.897476e-14    -5.197073e-16   3.323090e-22    4.670733e-17    5.671066e-18    -1.500517e-21   7.002610e-17    2.202434e-16    
2.477360e-19    -3.267079e-12   5.339817e-20    -7.792058e-15   6.437568e-17    -1.709197e-19   1.891798e-16    3.621597e-17    4.317695e-17    3.482458e-13    3.887594e-14    -4.615146e-16   3.311446e-22    4.719028e-17    5.917453e-18    -1.462624e-21   7.024564e-17    2.381065e-16    
2.462472e-19    -3.290222e-12   5.251181e-20    -7.788653e-15   6.750032e-17    -1.696271e-19   1.964384e-16    3.643649e-17    4.511914e-17    3.482570e-13    3.878634e-14    -4.040419e-16   3.297815e-22    4.760172e-17    6.160483e-18    -1.419399e-21   7.041799e-17    2.559819e-16    
2.446865e-19    -3.312508e-12   5.162679e-20    -7.779001e-15   7.053620e-17    -1.683492e-19   2.031377e-16    3.659889e-17    4.691827e-17    3.482762e-13    3.870649e-14    -3.474889e-16   3.282258e-22    4.794255e-17    6.398637e-18    -1.370269e-21   7.054304e-17    2.738206e-16    
2.430573e-19    -3.333709e-12   5.074815e-20    -7.761916e-15   7.347177e-17    -1.671079e-19   2.092558e-16    3.670453e-17    4.856788e-17    3.483126e-13    3.863694e-14    -2.920553e-16   3.264838e-22    4.821396e-17    6.630332e-18    -1.314595e-21   7.062069e-17    2.915699e-16    
2.413631e-19    -3.353564e-12   4.988126e-20    -7.736055e-15   7.629554e-17    -1.659274e-19   2.147763e-16    3.675505e-17    5.006292e-17    3.483754e-13    3.857829e-14    -2.379401e-16   3.245622e-22    4.841738e-17    6.853942e-18    -1.251670e-21   7.065091e-17    3.091739e-16    
2.396074e-19    -3.371775e-12   4.903176e-20    -7.699902e-15   7.899616e-17    -1.648338e-19   2.196880e-16    3.675226e-17    5.139976e-17    3.484738e-13    3.853116e-14    -1.853391e-16   3.224681e-22    4.855452e-17    7.067810e-18    -1.180708e-21   7.063366e-17    3.265730e-16    
2.377934e-19    -3.388000e-12   4.820566e-20    -7.651747e-15   8.156253e-17    -1.638558e-19   2.239854e-16    3.669821e-17    5.257626e-17    3.486167e-13    3.849622e-14    -1.344447e-16   3.202089e-22    4.862723e-17    7.270273e-18    -1.100844e-21   7.056897e-17    3.437041e-16    
2.359240e-19    -3.401847e-12   4.740929e-20    -7.589659e-15   8.398387e-17    -1.630241e-19   2.276685e-16    3.659510e-17    5.359177e-17    3.488126e-13    3.847416e-14    -8.544396e-17   3.177922e-22    4.863756e-17    7.459685e-18    -1.011121e-21   7.045692e-17    3.605005e-16    
2.340023e-19    -3.412872e-12   4.664936e-20    -7.511472e-15   8.624986e-17    -1.623718e-19   2.307430e-16    3.644529e-17    5.444711e-17    3.490693e-13    3.846572e-14    -3.851773e-17   3.152261e-22    4.858766e-17    7.634439e-18    -9.104908e-22   7.029760e-17    3.768912e-16    
2.320311e-19    -3.420567e-12   4.593299e-20    -7.414763e-15   8.835068e-17    -1.619341e-19   2.332195e-16    3.625125e-17    5.514453e-17    3.493935e-13    3.847169e-14    6.160339e-18    3.125189e-22    4.847976e-17    7.793000e-18    -7.978126e-22   7.009117e-17    3.928008e-16    
2.300129e-19    -3.424361e-12   4.526772e-20    -7.296840e-15   9.027713e-17    -1.617484e-19   2.351139e-16    3.601559e-17    5.568769e-17    3.497900e-13    3.849289e-14    4.842496e-17    3.096791e-22    4.831612e-17    7.933942e-18    -6.718555e-22   6.983783e-17    4.081495e-16    
2.279504e-19    -3.423610e-12   4.466158e-20    -7.154732e-15   9.202073e-17    -1.618541e-19   2.364467e-16    3.574097e-17    5.608155e-17    3.502616e-13    3.853021e-14    8.812041e-17    3.067157e-22    4.809898e-17    8.055983e-18    -5.313101e-22   6.953782e-17    4.228524e-16    
2.258459e-19    -3.417594e-12   4.412310e-20    -6.985196e-15   9.357381e-17    -1.622926e-19   2.372428e-16    3.543011e-17    5.633229e-17    3.508079e-13    3.858455e-14    1.251019e-16    3.036378e-22    4.783051e-17    8.158040e-18    -3.748104e-22   6.919142e-17    4.368194e-16    
2.237018e-19    -3.405520e-12   4.366139e-20    -6.784731e-15   9.492963e-17    -1.631069e-19   2.375306e-16    3.508579e-17    5.644726e-17    3.514243e-13    3.865689e-14    1.592373e-16    3.004549e-22    4.751280e-17    8.239274e-18    -2.009721e-22   6.879897e-17    4.499554e-16    
2.215203e-19    -3.386516e-12   4.328618e-20    -6.549615e-15   9.608248e-17    -1.643414e-19   2.373423e-16    3.471078e-17    5.643480e-17    3.521002e-13    3.874821e-14    1.904094e-16    2.971766e-22    4.714776e-17    8.299164e-18    -8.469128e-24   6.836089e-17    4.621603e-16    
2.204161e-19    -3.374157e-12   4.313393e-20    -6.417985e-15   9.658145e-17    -1.651288e-19   2.370791e-16    3.451256e-17    5.638334e-17    3.524556e-13    3.880127e-14    2.048554e-16    2.955045e-22    4.694799e-17    8.321045e-18    9.515686e-23    6.812487e-17    4.678844e-16    
2.193035e-19    -3.359711e-12   4.300734e-20    -6.276239e-15   9.702810e-17    -1.660381e-19   2.367100e-16    3.430771e-17    5.630354e-17    3.528189e-13    3.885946e-14    2.185255e-16    2.938121e-22    4.673702e-17    8.337580e-18    2.039384e-22    6.787763e-17    4.733363e-16    
2.181825e-19    -3.343052e-12   4.290785e-20    -6.123882e-15   9.742207e-17    -1.670750e-19   2.362398e-16    3.409657e-17    5.619670e-17    3.531875e-13    3.892291e-14    2.314108e-16    2.921010e-22    4.651505e-17    8.348828e-18    3.179799e-22    6.761927e-17    4.785026e-16    
2.170536e-19    -3.324050e-12   4.283693e-20    -5.960417e-15   9.776309e-17    -1.682453e-19   2.356733e-16    3.387951e-17    5.606418e-17    3.535584e-13    3.899174e-14    2.435040e-16    2.903723e-22    4.628226e-17    8.354885e-18    4.373611e-22    6.734988e-17    4.833698e-16    
2.159171e-19    -3.302576e-12   4.279614e-20    -5.785357e-15   9.805098e-17    -1.695545e-19   2.350155e-16    3.365688e-17    5.590732e-17    3.539278e-13    3.906609e-14    2.547996e-16    2.886273e-22    4.603880e-17    8.355886e-18    5.621258e-22    6.706957e-17    4.879248e-16    
2.147731e-19    -3.278496e-12   4.278703e-20    -5.598225e-15   9.828567e-17    -1.710082e-19   2.342712e-16    3.342901e-17    5.572754e-17    3.542914e-13    3.914608e-14    2.652945e-16    2.868674e-22    4.578484e-17    8.352009e-18    6.922719e-22    6.677849e-17    4.921548e-16    
2.136220e-19    -3.251679e-12   4.281124e-20    -5.398560e-15   9.846719e-17    -1.726118e-19   2.334456e-16    3.319625e-17    5.552626e-17    3.546443e-13    3.923183e-14    2.749876e-16    2.850939e-22    4.552050e-17    8.343474e-18    8.277401e-22    6.647678e-17    4.960474e-16    
2.124642e-19    -3.221995e-12   4.287040e-20    -5.185925e-15   9.859567e-17    -1.743705e-19   2.325439e-16    3.295896e-17    5.530498e-17    3.549817e-13    3.932346e-14    2.838807e-16    2.833081e-22    4.524592e-17    8.330549e-18    9.684012e-22    6.616462e-17    4.995909e-16    
2.112998e-19    -3.189314e-12   4.296618e-20    -4.959910e-15   9.867137e-17    -1.762895e-19   2.315711e-16    3.271746e-17    5.506516e-17    3.552960e-13    3.942109e-14    2.919782e-16    2.815114e-22    4.496123e-17    8.313543e-18    1.114043e-21    6.584221e-17    5.027749e-16    
2.101294e-19    -3.153513e-12   4.310027e-20    -4.720141e-15   9.869465e-17    -1.783734e-19   2.305325e-16    3.247211e-17    5.480832e-17    3.555791e-13    3.952483e-14    2.992881e-16    2.797052e-22    4.466652e-17    8.292810e-18    1.264358e-21    6.550980e-17    5.055899e-16    
2.089531e-19    -3.114473e-12   4.327434e-20    -4.466283e-15   9.866600e-17    -1.806269e-19   2.294330e-16    3.222324e-17    5.453596e-17    3.558239e-13    3.963478e-14    3.058219e-16    2.778908e-22    4.436192e-17    8.268743e-18    1.418926e-21    6.516765e-17    5.080283e-16    
2.077715e-19    -3.072080e-12   4.349001e-20    -4.198051e-15   9.858602e-17    -1.830541e-19   2.282779e-16    3.197118e-17    5.424962e-17    3.560226e-13    3.975103e-14    3.115952e-16    2.760695e-22    4.404751e-17    8.241763e-18    1.577210e-21    6.481607e-17    5.100842e-16    
2.053938e-19    -2.976768e-12   4.405315e-20    -3.617438e-15   9.827558e-17    -1.884459e-19   2.258235e-16    3.145905e-17    5.364194e-17    3.562668e-13    4.000279e-14    3.209564e-16    2.724128e-22    4.338982e-17    8.181065e-18    1.901775e-21    6.408629e-17    5.130340e-16    
2.029996e-19    -2.866905e-12   4.479998e-20    -2.977189e-15   9.777027e-17    -1.945716e-19   2.232061e-16    3.093822e-17    5.299665e-17    3.562654e-13    4.028057e-14    3.275836e-16    2.687453e-22    4.269431e-17    8.113830e-18    2.231612e-21    6.332359e-17    5.144407e-16    
2.005928e-19    -2.741978e-12   4.573843e-20    -2.277138e-15   9.707942e-17    -2.014458e-19   2.204631e-16    3.041132e-17    5.232552e-17    3.559383e-13    4.058461e-14    3.317994e-16    2.650778e-22    4.196213e-17    8.042477e-18    2.558187e-21    6.253199e-17    5.143488e-16    
1.981778e-19    -2.601710e-12   4.687184e-20    -1.518163e-15   9.621439e-17    -2.090713e-19   2.176292e-16    2.988104e-17    5.163987e-17    3.551988e-13    4.091481e-14    3.340499e-16    2.614212e-22    4.119487e-17    7.967633e-18    2.871943e-21    6.171612e-17    5.128473e-16    
1.957597e-19    -2.446041e-12   4.821147e-20    -7.021414e-16   9.518810e-17    -2.174391e-19   2.147363e-16    2.935002e-17    5.095038e-17    3.539452e-13    4.127064e-14    3.349332e-16    2.577860e-22    4.039454e-17    7.887335e-18    3.163328e-21    6.088109e-17    5.100650e-16    
1.933439e-19    -2.275175e-12   4.976086e-20    1.681028e-16    9.401542e-17    -2.265233e-19   2.118127e-16    2.882091e-17    5.026685e-17    3.520526e-13    4.165108e-14    3.352318e-16    2.541825e-22    3.956378e-17    7.796705e-18    3.423903e-21    6.003230e-17    5.061615e-16    
1.909365e-19    -2.089613e-12   5.149772e-20    1.088899e-15    9.271359e-17    -2.362754e-19   2.088826e-16    2.829643e-17    4.959785e-17    3.493716e-13    4.205451e-14    3.359464e-16    2.506208e-22    3.870607e-17    7.688371e-18    3.647250e-21    5.917531e-17    5.013160e-16    
1.885440e-19    -1.890082e-12   5.338418e-20    2.055989e-15    9.130154e-17    -2.466244e-19   2.059653e-16    2.777922e-17    4.895033e-17    3.457412e-13    4.247862e-14    3.383266e-16    2.471108e-22    3.782553e-17    7.553666e-18    3.829484e-21    5.831559e-17    4.957154e-16    
1.861729e-19    -1.677489e-12   5.536643e-20    3.064842e-15    8.979954e-17    -2.574749e-19   2.030753e-16    2.727177e-17    4.832914e-17    3.410189e-13    4.292037e-14    3.438874e-16    2.436618e-22    3.692684e-17    7.384352e-18    3.969336e-21    5.745835e-17    4.895437e-16    
1.849973e-19    -1.566572e-12   5.637509e-20    3.583674e-15    8.902066e-17    -2.630560e-19   2.016436e-16    2.702238e-17    4.802919e-17    3.382225e-13    4.314682e-14    3.483414e-16    2.419627e-22    3.647209e-17    7.284892e-18    4.023555e-21    5.703202e-17    4.862924e-16    
1.838296e-19    -1.452770e-12   5.738128e-20    4.111314e-15    8.822716e-17    -2.687155e-19   2.002222e-16    2.677626e-17    4.773643e-17    3.351372e-13    4.337617e-14    3.542636e-16    2.402821e-22    3.601467e-17    7.174860e-18    4.067738e-21    5.660805e-17    4.829606e-16    
1.826707e-19    -1.336217e-12   5.837464e-20    4.647242e-15    8.742176e-17    -2.744340e-19   1.988119e-16    2.653366e-17    4.745069e-17    3.317800e-13    4.360778e-14    3.619036e-16    2.386211e-22    3.555526e-17    7.054069e-18    4.102300e-21    5.618698e-17    4.795673e-16    
1.815214e-19    -1.217050e-12   5.934440e-20    5.190974e-15    8.660718e-17    -2.801907e-19   1.974134e-16    2.629481e-17    4.717161e-17    3.281834e-13    4.384096e-14    3.715130e-16    2.369807e-22    3.509448e-17    6.922594e-18    4.127730e-21    5.576931e-17    4.761303e-16    
1.803826e-19    -1.095398e-12   6.027963e-20    5.742067e-15    8.578612e-17    -2.859630e-19   1.960273e-16    2.605989e-17    4.689863e-17    3.243959e-13    4.407494e-14    3.833367e-16    2.353618e-22    3.463297e-17    6.780763e-18    4.144570e-21    5.535550e-17    4.726658e-16    
1.792551e-19    -9.713886e-13   6.116938e-20    6.300123e-15    8.496120e-17    -2.917267e-19   1.946544e-16    2.582909e-17    4.663106e-17    3.204839e-13    4.430890e-14    3.976019e-16    2.337654e-22    3.417130e-17    6.629139e-18    4.153397e-21    5.494598e-17    4.691887e-16    
1.781396e-19    -8.451400e-13   6.200293e-20    6.864794e-15    8.413499e-17    -2.974563e-19   1.932954e-16    2.560255e-17    4.636804e-17    3.165307e-13    4.454194e-14    4.145045e-16    2.321923e-22    3.371004e-17    6.468486e-18    4.154803e-21    5.454117e-17    4.657126e-16    
1.770370e-19    -7.167650e-13   6.277003e-20    7.435783e-15    8.330999e-17    -3.031246e-19   1.919512e-16    2.538037e-17    4.610861e-17    3.126365e-13    4.477309e-14    4.341929e-16    2.306435e-22    3.324969e-17    6.299738e-18    4.149386e-21    5.414142e-17    4.622495e-16    
1.759480e-19    -5.863684e-13   6.346113e-20    8.012844e-15    8.248861e-17    -3.087029e-19   1.906226e-16    2.516266e-17    4.585175e-17    3.089157e-13    4.500129e-14    4.567481e-16    2.291198e-22    3.279071e-17    6.123946e-18    4.137732e-21    5.374707e-17    4.588104e-16    
1.748734e-19    -4.540474e-13   6.406754e-20    8.595781e-15    8.167318e-17    -3.141611e-19   1.893108e-16    2.494948e-17    4.559643e-17    3.054938e-13    4.522540e-14    4.821631e-16    2.276219e-22    3.233351e-17    5.942241e-18    4.120412e-21    5.335845e-17    4.554050e-16    
1.738139e-19    -3.198918e-13   6.458177e-20    9.184448e-15    8.086591e-17    -3.194674e-19   1.880169e-16    2.474087e-17    4.534164e-17    3.025023e-13    4.544420e-14    5.103195e-16    2.261506e-22    3.187845e-17    5.755783e-18    4.097972e-21    5.297582e-17    4.520419e-16    
1.727701e-19    -1.839847e-13   6.499763e-20    9.778742e-15    8.006895e-17    -3.245885e-19   1.867422e-16    2.453687e-17    4.508650e-17    3.000727e-13    4.565636e-14    5.409661e-16    2.247067e-22    3.142585e-17    5.565722e-18    4.070931e-21    5.259946e-17    4.487287e-16    
1.717427e-19    -4.640334e-14   6.531050e-20    1.037860e-14    7.928435e-17    -3.294895e-19   1.854878e-16    2.433746e-17    4.483027e-17    2.983290e-13    4.586046e-14    5.736986e-16    2.232908e-22    3.097596e-17    5.373151e-18    4.039778e-21    5.222960e-17    4.454720e-16    
1.707324e-19    9.277998e-14    6.551749e-20    1.098400e-14    7.851408e-17    -3.341338e-19   1.842549e-16    2.414265e-17    4.457248e-17    2.973797e-13    4.605497e-14    6.079464e-16    2.219036e-22    3.052902e-17    5.179068e-18    4.004976e-21    5.186646e-17    4.422778e-16    
1.697398e-19    2.334965e-13    6.561761e-20    1.159494e-14    7.776002e-17    -3.384830e-19   1.830447e-16    2.395241e-17    4.431292e-17    2.973090e-13    4.623824e-14    6.429677e-16    2.205457e-22    3.008520e-17    4.984348e-18    3.966961e-21    5.151023e-17    4.391513e-16    
1.687653e-19    3.756796e-13    6.561182e-20    1.221145e-14    7.702402e-17    -3.424968e-19   1.818580e-16    2.376670e-17    4.405171e-17    2.981691e-13    4.640852e-14    6.778583e-16    2.192176e-22    2.964466e-17    4.789709e-18    3.926143e-21    5.116111e-17    4.360970e-16    
1.678097e-19    5.192635e-13    6.550314e-20    1.283355e-14    7.630785e-17    -3.461330e-19   1.806954e-16    2.358548e-17    4.378933e-17    2.999724e-13    4.656392e-14    7.115768e-16    2.179200e-22    2.920754e-17    4.595696e-18    3.882914e-21    5.081926e-17    4.331189e-16    
1.668733e-19    6.641816e-13    6.529656e-20    1.346127e-14    7.561322e-17    -3.493476e-19   1.795576e-16    2.340869e-17    4.352663e-17    3.026874e-13    4.670242e-14    7.429897e-16    2.166532e-22    2.877395e-17    4.402671e-18    3.837645e-21    5.048482e-17    4.302205e-16    
1.659567e-19    8.103647e-13    6.499889e-20    1.409463e-14    7.494183e-17    -3.520946e-19   1.784445e-16    2.323627e-17    4.326478e-17    3.062366e-13    4.682189e-14    7.709352e-16    2.154178e-22    2.834398e-17    4.210812e-18    3.790691e-21    5.015793e-17    4.274048e-16    
1.650602e-19    9.577395e-13    6.461852e-20    1.473362e-14    7.429532e-17    -3.543259e-19   1.773562e-16    2.306815e-17    4.300523e-17    3.104984e-13    4.692005e-14    7.943044e-16    2.142141e-22    2.791775e-17    4.020129e-18    3.742392e-21    4.983871e-17    4.246744e-16    
1.641842e-19    1.106227e-12    6.416506e-20    1.537817e-14    7.367527e-17    -3.559914e-19   1.762924e-16    2.290428e-17    4.274961e-17    3.153130e-13    4.699450e-14    8.121312e-16    2.130424e-22    2.749532e-17    3.830493e-18    3.693069e-21    4.952725e-17    4.220316e-16    
1.633291e-19    1.255740e-12    6.364882e-20    1.602818e-14    7.308326e-17    -3.570396e-19   1.752526e-16    2.274458e-17    4.249966e-17    3.204928e-13    4.704270e-14    8.236817e-16    2.119030e-22    2.707682e-17    3.641671e-18    3.643025e-21    4.922364e-17    4.194779e-16    
1.616824e-19    1.557396e-12    6.247663e-20    1.734362e-14    7.199012e-17    -3.570397e-19   1.732427e-16    2.243736e-17    4.202444e-17    3.310092e-13    4.704821e-14    8.262955e-16    2.097216e-22    2.625202e-17    3.265107e-18    3.542044e-21    4.864018e-17    4.146433e-16    
1.601212e-19    1.861862e-12    6.117577e-20    1.867756e-14    7.102665e-17    -3.539100e-19   1.713229e-16    2.214600e-17    4.159028e-17    3.405787e-13    4.691543e-14    8.026460e-16    2.076700e-22    2.544422e-17    2.888372e-18    3.441268e-21    4.808853e-17    4.101752e-16    
1.586458e-19    2.168046e-12    5.980803e-20    2.002599e-14    7.020326e-17    -3.471995e-19   1.694911e-16    2.187002e-17    4.120417e-17    3.479829e-13    4.662079e-14    7.576695e-16    2.057471e-22    2.465457e-17    2.510213e-18    3.342146e-21    4.756855e-17    4.060708e-16    
1.559440e-19    2.779195e-12    5.704578e-20    2.273887e-14    6.901481e-17    -3.210565e-19   1.660890e-16    2.136176e-17    4.058020e-17    3.537031e-13    4.543829e-14    6.381183e-16    2.022681e-22    2.313565e-17    1.752510e-18    3.152974e-21    4.661997e-17    3.988950e-16    
1.535493e-19    3.378069e-12    5.435989e-20    2.542302e-14    6.846869e-17    -2.758078e-19   1.630294e-16    2.090779e-17    4.013386e-17    3.470468e-13    4.334085e-14    5.129604e-16    1.992358e-22    2.170683e-17    1.005025e-18    2.978495e-21    4.578452e-17    3.929608e-16    
1.514073e-19    3.947827e-12    5.182219e-20    2.799561e-14    6.856655e-17    -2.098871e-19   1.602805e-16    2.050089e-17    3.982144e-17    3.298178e-13    4.022129e-14    4.062840e-16    1.965647e-22    2.038195e-17    2.885665e-19    2.819795e-21    4.504433e-17    3.880133e-16    
1.494341e-19    4.469432e-12    4.947022e-20    3.035977e-14    6.924213e-17    -1.241632e-19   1.577726e-16    2.013058e-17    3.958903e-17    3.049665e-13    3.608792e-14    3.260171e-16    1.941319e-22    1.917388e-17    -3.746393e-19   2.676097e-21    4.437314e-17    3.837110e-16    
1.475248e-19    4.924363e-12    4.732414e-20    3.241858e-14    7.035301e-17    -2.250571e-20   1.554046e-16    1.978365e-17    3.937929e-17    2.758417e-13    3.109748e-14    2.737827e-16    1.917881e-22    1.809145e-17    -9.643886e-19   2.545479e-21    4.373841e-17    3.796625e-16    
1.455692e-19    5.298063e-12    4.538830e-20    3.409296e-14    7.169596e-17    8.856380e-20    1.530621e-16    1.944587e-17    3.913830e-17    2.456769e-13    2.554401e-14    2.488860e-16    1.893792e-22    1.713672e-17    -1.465672e-18   2.425831e-21    4.310589e-17    3.754825e-16    
1.434719e-19    5.582874e-12    4.365139e-20    3.533763e-14    7.304504e-17    2.011706e-19    1.506400e-16    1.910430e-17    3.882329e-17    2.170926e-13    1.979978e-14    2.489535e-16    1.867732e-22    1.630370e-17    -1.871235e-18   2.315617e-21    4.244540e-17    3.708530e-16    
1.411687e-19    5.779257e-12    4.208930e-20    3.614848e-14    7.419746e-17    3.078123e-19    1.480620e-16    1.874930e-17    3.840821e-17    1.917608e-13    1.423220e-14    2.703234e-16    1.838821e-22    1.557917e-17    -2.182389e-18   2.214004e-21    4.173570e-17    3.655690e-16    
1.386336e-19    5.894854e-12    4.067073e-20    3.655879e-14    7.500826e-17    4.027759e-19    1.452892e-16    1.837561e-17    3.788491e-17    1.703668e-13    9.132492e-15    3.086748e-16    1.806702e-22    1.494535e-17    -2.407712e-18   2.120532e-21    4.096663e-17    3.595513e-16    
1.329344e-19    5.940338e-12    3.812760e-20    3.644940e-14    7.535870e-17    5.461898e-19    1.391802e-16    1.757151e-17    3.655400e-17    1.385368e-13    9.843925e-16    4.183863e-16    1.733764e-22    1.386797e-17    -2.662422e-18   1.955600e-21    3.926049e-17    3.455372e-16    
1.199719e-19    5.604814e-12    3.367196e-20    3.408036e-14    7.167332e-17    6.625992e-19    1.255122e-16    1.581598e-17    3.318951e-17    1.032258e-13    -7.410922e-15   7.013661e-16    1.566112e-22    1.212600e-17    -2.717847e-18   1.690392e-21    3.541978e-17    3.125645e-16    
1.130730e-19    5.316326e-12    3.163373e-20    3.228695e-14    6.817377e-17    6.531926e-19    1.182881e-16    1.490009e-17    3.131055e-17    9.430425e-14    -8.390239e-15   8.579656e-16    1.476373e-22    1.137556e-17    -2.612754e-18   1.581006e-21    3.338389e-17    2.947172e-16    
1.061843e-19    5.004780e-12    2.966942e-20    3.038177e-14    6.416297e-17    6.200169e-19    1.110830e-16    1.398963e-17    2.941473e-17    8.753096e-14    -8.192383e-15   1.016245e-15    1.386619e-22    1.066366e-17    -2.476857e-18   1.479832e-21    3.135192e-17    2.768234e-16    
9.941151e-20    4.688781e-12    2.776728e-20    2.846105e-14    5.991214e-17    5.732922e-19    1.040011e-16    1.309626e-17    2.754234e-17    8.173959e-14    -7.296531e-15   1.174121e-15    1.298290e-22    9.979001e-18    -2.329139e-18   1.383722e-21    2.935402e-17    2.591955e-16    
9.281020e-20    4.377227e-12    2.592398e-20    2.657126e-14    5.558936e-17    5.195340e-19    9.709848e-17    1.222624e-17    2.571405e-17    7.639673e-14    -6.013060e-15   1.330829e-15    1.212151e-22    9.317164e-18    -2.178901e-18   1.291101e-21    2.740630e-17    2.419976e-16    
8.640821e-20    4.074083e-12    2.413934e-20    2.473334e-14    5.129191e-17    4.625965e-19    9.040351e-17    1.138279e-17    2.393988e-17    7.128696e-14    -4.527681e-15   1.486123e-15    1.128583e-22    8.676745e-18    -2.030483e-18   1.201773e-21    2.551698e-17    2.253114e-16    
8.021903e-20    3.780988e-12    2.241411e-20    2.295610e-14    4.707364e-17    4.046502e-19    8.393026e-17    1.056747e-17    2.222445e-17    6.633407e-14    -2.945863e-15   1.652453e-15    1.047776e-22    8.057540e-18    -1.885840e-18   1.115626e-21    2.369009e-17    2.091763e-16    
7.424918e-20    3.498551e-12    2.074922e-20    2.124297e-14    4.296359e-17    3.468797e-19    7.768574e-17    9.781074e-18    2.056991e-17    6.151998e-14    -1.325498e-15   1.724572e-15    9.698208e-23    7.459759e-18    -1.745835e-18   1.032612e-21    2.192767e-17    1.936113e-16    
6.850200e-20    3.226958e-12    1.914550e-20    1.959511e-14    3.897733e-17    2.899220e-19    7.167361e-17    9.024009e-18    1.897723e-17    5.684819e-14    3.021582e-16    1.658356e-15    8.947659e-23    6.883720e-18    -1.610848e-18   9.527146e-22    2.023078e-17    1.786260e-16    
6.297939e-20    2.966243e-12    1.760365e-20    1.801282e-14    3.512338e-17    2.341234e-19    6.589602e-17    8.296520e-18    1.744695e-17    5.232840e-14    1.920135e-15    1.549428e-15    8.226388e-23    6.329725e-18    -1.481049e-18   8.759388e-22    1.860005e-17    1.642258e-16    
5.768265e-20    2.716392e-12    1.612428e-20    1.649615e-14    3.141569e-17    1.800915e-19    6.035446e-17    7.598777e-18    1.597937e-17    4.797058e-14    3.526372e-15    1.428105e-15    7.534583e-23    5.798038e-18    -1.356522e-18   8.022956e-22    1.703591e-17    1.504143e-16    
5.261281e-20    2.477387e-12    1.470784e-20    1.504511e-14    2.810887e-17    1.394020e-19    5.505011e-17    6.930918e-18    1.457475e-17    4.378316e-14    4.495106e-15    1.305799e-15    6.872391e-23    5.288879e-18    -1.237312e-18   7.317991e-22    1.553871e-17    1.371944e-16    
4.777080e-20    2.249222e-12    1.335476e-20    1.365973e-14    2.529247e-17    1.161149e-19    4.998399e-17    6.293066e-18    1.323332e-17    3.977267e-14    4.599387e-15    1.186757e-15    6.239942e-23    4.802427e-18    -1.123450e-18   6.644639e-22    1.410874e-17    1.245684e-16    
4.315748e-20    2.031902e-12    1.206539e-20    1.234009e-14    2.274848e-17    1.002788e-19    4.515708e-17    5.685338e-18    1.195528e-17    3.594400e-14    4.385491e-15    1.072542e-15    5.637355e-23    4.338836e-18    -1.014962e-18   6.003041e-22    1.274628e-17    1.125387e-16    
3.877371e-20    1.825439e-12    1.084004e-20    1.108631e-14    2.038866e-17    8.785447e-20    4.057028e-17    5.107846e-18    1.074086e-17    3.230079e-14    4.052169e-15    9.637317e-16    5.064743e-23    3.898233e-18    -9.118694e-19   5.393332e-22    1.145160e-17    1.011075e-16    
3.462030e-20    1.629856e-12    9.678998e-21    9.898553e-15    1.817880e-17    7.726604e-20    3.622448e-17    4.560700e-18    9.590284e-18    2.884571e-14    3.677373e-15    8.605430e-16    4.522219e-23    3.480734e-18    -8.141928e-19   4.815639e-22    1.022493e-17    9.027695e-17    
3.069807e-20    1.445177e-12    8.582519e-21    8.776992e-15    1.610483e-17    6.785395e-20    3.212054e-17    4.044007e-18    8.503756e-18    2.558080e-14    3.294000e-15    7.630649e-16    4.009888e-23    3.086439e-18    -7.219519e-19   4.270084e-22    9.066533e-18    8.004924e-17    
2.700781e-20    1.271433e-12    7.550852e-21    7.721819e-15    1.416046e-17    5.931527e-20    2.825930e-17    3.557871e-18    7.481496e-18    2.250761e-14    2.917344e-15    6.713408e-16    3.527856e-23    2.715443e-18    -6.351657e-19   3.756786e-22    7.976639e-18    7.042642e-17    
2.355030e-20    1.108656e-12    6.584232e-21    6.733234e-15    1.234272e-17    5.149655e-20    2.464159e-17    3.102397e-18    6.523718e-18    1.962739e-14    2.555279e-15    5.853983e-16    3.076225e-23    2.367833e-18    -5.538531e-19   3.275855e-22    6.955484e-18    6.141052e-17    
2.032632e-20    9.568767e-13    5.682884e-21    5.811440e-15    1.065010e-17    4.431342e-20    2.126822e-17    2.677686e-18    5.630631e-18    1.694115e-14    2.212227e-15    5.052591e-16    2.655098e-23    2.043693e-18    -4.780321e-19   2.827403e-22    6.003296e-18    5.300356e-17    
1.733661e-20    8.161304e-13    4.847026e-21    4.956645e-15    9.081900e-18    3.771698e-20    1.813998e-17    2.283838e-18    4.802445e-18    1.444977e-14    1.890825e-15    4.309431e-16    2.264572e-23    1.743102e-18    -4.077207e-19   2.411536e-22    5.120301e-18    4.520751e-17    
1.458194e-20    6.864503e-13    4.076871e-21    4.169056e-15    7.637839e-18    3.167818e-20    1.525766e-17    1.920951e-18    4.039366e-18    1.215404e-14    1.592709e-15    3.624691e-16    1.904746e-23    1.466138e-18    -3.429366e-19   2.028361e-22    4.306719e-18    3.802433e-17    
1.206303e-20    5.678705e-13    3.372629e-21    3.448881e-15    6.317889e-18    2.617971e-20    1.262202e-17    1.589123e-18    3.341598e-18    1.005468e-14    1.318917e-15    2.998556e-16    1.575718e-23    1.212877e-18    -2.836972e-19   1.677979e-22    3.562770e-18    3.145595e-17    
9.780621e-21    4.604248e-13    2.734507e-21    2.796326e-15    5.122176e-18    2.121149e-20    1.023385e-17    1.288450e-18    2.709345e-18    8.152343e-15    1.070122e-15    2.431209e-16    1.277581e-23    9.833937e-19    -2.300198e-19   1.360495e-22    2.888670e-18    2.550427e-17    
7.735441e-21    3.641472e-13    2.162708e-21    2.211597e-15    4.050922e-18    1.676788e-20    8.093900e-18    1.019028e-18    2.142806e-18    6.447689e-15    8.467679e-16    1.922830e-16    1.010432e-23    7.777615e-19    -1.819215e-19   1.076008e-22    2.284634e-18    2.017119e-17    
5.928207e-21    2.790711e-13    1.657435e-21    1.694900e-15    3.104408e-18    1.284603e-20    6.202920e-18    7.809523e-19    1.642181e-18    4.941337e-15    6.491587e-16    1.473599e-16    7.743646e-24    5.960532e-19    -1.394191e-19   8.246204e-23    1.750874e-18    1.545859e-17    
4.359637e-21    2.052304e-13    1.218887e-21    1.246439e-15    2.282950e-18    9.444802e-21    4.561662e-18    5.743167e-19    1.207669e-18    3.633899e-15    4.775087e-16    1.083693e-16    5.694721e-24    4.383410e-19    -1.025296e-19   6.064305e-23    1.287603e-18    1.136833e-17    
3.030443e-21    1.426583e-13    8.472650e-22    8.664161e-16    1.586885e-18    6.564119e-21    3.170873e-18    3.992153e-19    8.394673e-19    2.525978e-15    3.319780e-16    7.532896e-17    3.958477e-24    3.046969e-19    -7.126970e-20   4.215381e-23    8.950300e-19    7.902281e-18    
1.941336e-21    9.138852e-14    5.427676e-22    5.550358e-16    1.016566e-18    4.204559e-21    2.031297e-18    2.557418e-19    5.377722e-19    1.618173e-15    2.126937e-16    4.825658e-17    2.535845e-24    1.951923e-19    -4.565618e-20   2.700421e-23    5.733664e-19    5.062291e-18    
1.093027e-21    5.145431e-14    3.055935e-22    3.125008e-16    5.723511e-19    2.367092e-21    1.143678e-18    1.439899e-19    3.027809e-19    9.110779e-16    1.197624e-16    2.716982e-17    1.427752e-24    1.098988e-19    -2.570572e-20   1.520413e-23    3.228214e-19    2.850212e-18    
4.862263e-22    2.288913e-14    1.359414e-22    1.390140e-16    2.546056e-19    1.052927e-21    5.087580e-19    6.405301e-20    1.346902e-19    4.052878e-16    5.327857e-17    1.208633e-17    6.351270e-25    4.888781e-20    -1.143503e-20   6.763465e-24    1.436051e-19    1.267900e-18    
1.216460e-22    5.726492e-15    3.401036e-23    3.477908e-17    6.369801e-20    2.634160e-22    1.272831e-19    1.602503e-20    3.369733e-20    1.013965e-16    1.332992e-17    3.023805e-18    1.588986e-25    1.223094e-20    -2.860861e-21   1.692110e-24    3.592770e-20    3.172081e-19    
-0.000000e+00   -0.000000e+00   -0.000000e+00   -0.000000e+00   -0.000000e+00   -0.000000e+00   -0.000000e+00   -0.000000e+00   -0.000000e+00   -0.000000e+00   -0.000000e+00   -0.000000e+00   -0.000000e+00   -0.000000e+00   -0.000000e+00   -0.000000e+00   -0.000000e+00   -0.000000e+00   
</coefficients>
</opensmoke>
