t[s](1)             T[K](2)             P[Pa](3)            V[m3](4)            rho[kg/m3](5)       MW[kg/kmol](6)      Qgas[W/m3](7)       Qsurf[W/m2](8)      Rh_surface(9)       Rh(s)_z(10)     H2O(s)_z(11)    H(s)_z(12)      OH(s)_z(13)     CO(s)_z(14)     O(s)_z(15)      CO2(s)_z(16)    COOH(s)_z(17)   C(s)_z(18)      O2_x(19)        CO_x(20)        CO2_x(21)       H2_x(22)        H2O_x(23)       AR_x(24)        N2_x(25)        O2_w(26)        CO_w(27)        CO2_w(28)       H2_w(29)        H2O_w(30)       AR_w(31)        N2_w(32)        
0.000000e+00        7.000000e+02        1.013250e+05        1.000000e-04        4.772219e-01        2.741170e+01        -0.000000e+00       -1.960676e+07       2.720000e-08        1.000000e+00    0.000000e+00    0.000000e+00    0.000000e+00    0.000000e+00    0.000000e+00    0.000000e+00    0.000000e+00    0.000000e+00    1.000000e-01    1.000000e-01    1.000000e-01    1.000000e-01    0.000000e+00    0.000000e+00    6.000000e-01    1.167312e-01    1.021826e-01    1.605482e-01    7.354524e-03    0.000000e+00    0.000000e+00    6.131834e-01    
3.524840e-13        7.000000e+02        1.013250e+05        1.000000e-04        4.772219e-01        2.741170e+01        -0.000000e+00       -1.946275e+07       2.720000e-08        9.999968e-01    1.937852e-27    9.175626e-07    5.186793e-19    2.039471e-06    7.677121e-08    1.546138e-07    1.533341e-16    5.693717e-19    1.000000e-01    1.000000e-01    1.000000e-01    1.000000e-01    8.451004e-35    0.000000e+00    6.000000e-01    1.167312e-01    1.021826e-01    1.605482e-01    7.354524e-03    5.554009e-35    0.000000e+00    6.131834e-01    
4.877132e-12        7.000000e+02        1.013250e+05        1.000000e-04        4.772219e-01        2.741170e+01        -0.000000e+00       -1.797186e+07       2.720000e-08        9.999563e-01    9.904163e-22    1.269530e-05    2.083795e-15    2.821850e-05    1.062201e-06    1.755183e-06    3.355939e-13    1.091537e-16    1.000000e-01    1.000000e-01    1.000000e-01    1.000000e-01    6.083004e-28    0.000000e+00    6.000000e-01    1.167312e-01    1.021826e-01    1.605482e-01    7.354524e-03    3.997757e-28    0.000000e+00    6.131834e-01    
1.703480e-11        7.000000e+02        1.013250e+05        1.000000e-04        4.772219e-01        2.741170e+01        -0.000000e+00       -1.601373e+07       2.720000e-08        9.998495e-01    4.632104e-19    4.433726e-05    1.343919e-13    9.855602e-05    3.709661e-06    3.856258e-06    8.925953e-12    1.336511e-15    1.000000e-01    1.000000e-01    1.000000e-01    1.000000e-01    1.011922e-24    0.000000e+00    6.000000e-01    1.167312e-01    1.021826e-01    1.605482e-01    7.354524e-03    6.650364e-25    0.000000e+00    6.131834e-01    
3.321122e-11        7.000000e+02        1.013250e+05        1.000000e-04        4.772219e-01        2.741170e+01        -0.000000e+00       -1.526736e+07       2.720000e-08        9.997096e-01    1.098505e-17    8.642815e-05    1.140201e-12    1.921323e-04    7.231390e-06    4.655071e-06    3.851914e-11    5.104765e-15    1.000000e-01    1.000000e-01    1.000000e-01    1.000000e-01    4.817029e-23    0.000000e+00    6.000000e-01    1.167312e-01    1.021826e-01    1.605482e-01    7.354524e-03    3.165757e-23    0.000000e+00    6.131834e-01    
5.558470e-11        7.000000e+02        1.013250e+05        1.000000e-04        4.772219e-01        2.741170e+01        -0.000000e+00       -1.507212e+07       2.720000e-08        9.995169e-01    1.127562e-16    1.446243e-04    5.331021e-12    3.215353e-04    1.210065e-05    4.860820e-06    9.799393e-11    1.439522e-14    1.000000e-01    1.000000e-01    1.000000e-01    1.000000e-01    8.589399e-22    0.000000e+00    6.000000e-01    1.167312e-01    1.021826e-01    1.605482e-01    7.354524e-03    5.644963e-22    0.000000e+00    6.131834e-01    
8.823580e-11        7.000000e+02        1.013250e+05        1.000000e-04        4.772219e-01        2.741170e+01        -0.000000e+00       -1.504066e+07       2.720000e-08        9.992361e-01    8.158260e-16    2.295136e-04    1.949098e-11    5.103369e-04    1.920332e-05    4.888829e-06    1.976640e-10    3.662718e-14    1.000000e-01    9.999999e-02    1.000000e-01    1.000000e-01    1.028760e-20    0.000000e+00    6.000000e-01    1.167312e-01    1.021826e-01    1.605482e-01    7.354524e-03    6.761020e-21    0.000000e+00    6.131834e-01    
1.455483e-10        7.000000e+02        1.013250e+05        1.000000e-04        4.772219e-01        2.741170e+01        -0.000000e+00       -1.503200e+07       2.720000e-08        9.987434e-01    6.191255e-15    3.784044e-04    7.397304e-11    8.416123e-04    3.166098e-05    4.887987e-06    3.803261e-10    1.013514e-13    1.000000e-01    9.999999e-02    1.000000e-01    1.000000e-01    1.347366e-19    0.000000e+00    6.000000e-01    1.167312e-01    1.021826e-01    1.605482e-01    7.354524e-03    8.854906e-20    0.000000e+00    6.131834e-01    
3.094243e-10        7.000000e+02        1.013250e+05        1.000000e-04        4.772219e-01        2.741170e+01        -0.000000e+00       -1.501144e+07       2.720000e-08        9.973366e-01    1.118361e-13    8.033218e-04    5.201724e-10    1.787939e-03    6.721377e-05    4.881100e-06    9.066406e-10    4.800153e-13    1.000000e-01    9.999998e-02    1.000000e-01    1.000000e-01    5.420009e-18    0.000000e+00    6.000000e-01    1.167312e-01    1.021826e-01    1.605482e-01    7.354524e-03    3.562036e-18    0.000000e+00    6.131834e-01    
9.953841e-10        7.000000e+02        1.013250e+05        1.000000e-04        4.772219e-01        2.741170e+01        -0.000000e+00       -1.492585e+07       2.720000e-08        9.914766e-01    8.420231e-12    2.568922e-03    1.066436e-08    5.734670e-03    2.149434e-04    4.852376e-06    3.094669e-09    5.937832e-12    1.000000e-01    9.999992e-02    1.000000e-01    9.999999e-02    1.351300e-15    0.000000e+00    6.000001e-01    1.167312e-01    1.021826e-01    1.605482e-01    7.354523e-03    8.880758e-16    0.000000e+00    6.131835e-01    
2.313386e-09        7.000000e+02        1.013250e+05        1.000000e-04        4.772218e-01        2.741170e+01        -0.000000e+00       -1.476326e+07       2.720000e-08        9.803458e-01    1.680836e-10    5.902447e-03    8.894450e-08    1.325297e-02    4.939022e-04    4.797819e-06    7.227412e-09    4.263043e-11    1.000000e-01    9.999982e-02    1.000000e-01    9.999998e-02    6.497245e-14    0.000000e+00    6.000002e-01    1.167312e-01    1.021825e-01    1.605483e-01    7.354522e-03    4.269996e-14    0.000000e+00    6.131836e-01    
4.374872e-09        7.000000e+02        1.013250e+05        1.000000e-04        4.772217e-01        2.741170e+01        -0.000000e+00       -1.451363e+07       2.720000e-08        9.632715e-01    1.379631e-09    1.096209e-02    3.872156e-07    2.484368e-02    9.175985e-04    4.714142e-06    1.351404e-08    2.162396e-10    1.000000e-01    9.999966e-02    1.000000e-01    9.999996e-02    1.064443e-12    0.000000e+00    6.000003e-01    1.167312e-01    1.021823e-01    1.605483e-01    7.354521e-03    6.995533e-13    0.000000e+00    6.131837e-01    
8.081596e-09        7.000000e+02        1.013249e+05        1.000000e-04        4.772216e-01        2.741170e+01        -0.000000e+00       -1.407806e+07       2.720000e-08        9.335789e-01    8.647510e-09    1.959219e-02    1.347800e-06    4.518085e-02    1.642067e-03    4.568675e-06    2.433809e-08    1.181398e-09    1.000001e-01    9.999938e-02    1.000001e-01    9.999993e-02    1.328459e-11    0.000000e+00    6.000005e-01    1.167312e-01    1.021820e-01    1.605484e-01    7.354518e-03    8.730644e-12    0.000000e+00    6.131839e-01    
1.574183e-08        7.000000e+02        1.013248e+05        1.000000e-04        4.772212e-01        2.741171e+01        -0.000000e+00       -1.322740e+07       2.720000e-08        8.761597e-01    4.928325e-08    3.557699e-02    4.213129e-06    8.525963e-02    2.995083e-03    4.287730e-06    4.531067e-08    8.841436e-09    1.000001e-01    9.999883e-02    1.000002e-01    9.999989e-02    1.634745e-10    0.000000e+00    6.000010e-01    1.167313e-01    1.021814e-01    1.605485e-01    7.354514e-03    1.074356e-10    0.000000e+00    6.131843e-01    
2.797921e-08        7.000000e+02        1.013247e+05        1.000000e-04        4.772208e-01        2.741171e+01        -0.000000e+00       -1.199506e+07       2.720000e-08        7.946207e-01    1.720509e-07    5.627651e-02    9.282286e-06    1.443052e-01    4.784097e-03    3.890588e-06    7.842316e-08    5.882026e-08    1.000002e-01    9.999802e-02    1.000003e-01    9.999983e-02    1.140161e-09    0.000000e+00    6.000016e-01    1.167314e-01    1.021806e-01    1.605486e-01    7.354509e-03    7.493147e-10    0.000000e+00    6.131849e-01    
4.468384e-08        7.000000e+02        1.013246e+05        1.000000e-04        4.772202e-01        2.741171e+01        -0.000000e+00       -1.053836e+07       2.720000e-08        7.008829e-01    3.789050e-07    7.622234e-02    1.508059e-05    2.162980e-01    6.577419e-03    3.440707e-06    1.379046e-07    3.100477e-07    1.000003e-01    9.999702e-02    1.000004e-01    9.999980e-02    4.598853e-09    0.000000e+00    6.000024e-01    1.167315e-01    1.021796e-01    1.605488e-01    7.354506e-03    3.022370e-09    0.000000e+00    6.131856e-01    
6.901133e-08        7.000000e+02        1.013244e+05        1.000000e-04        4.772195e-01        2.741172e+01        -0.000000e+00       -8.796107e+06       2.720000e-08        5.930378e-01    6.037366e-07    9.234009e-02    1.982386e-05    3.064622e-01    8.134652e-03    2.946663e-06    3.134219e-07    1.591434e-06    1.000005e-01    9.999577e-02    1.000006e-01    9.999982e-02    1.381015e-08    0.000000e+00    6.000033e-01    1.167317e-01    1.021783e-01    1.605490e-01    7.354507e-03    9.076040e-09    0.000000e+00    6.131865e-01    
1.008524e-07        7.000000e+02        1.013243e+05        1.000000e-04        4.772188e-01        2.741172e+01        -0.000000e+00       -6.977111e+06       2.720000e-08        4.884335e-01    6.533416e-07    9.919947e-02    1.995824e-05    4.034252e-01    8.910931e-03    2.522052e-06    8.247895e-07    6.980820e-06    1.000006e-01    9.999441e-02    1.000007e-01    9.999991e-02    2.937813e-08    0.000000e+00    6.000043e-01    1.167318e-01    1.021769e-01    1.605493e-01    7.354513e-03    1.930733e-08    0.000000e+00    6.131875e-01    
1.161851e-07        7.000000e+02        1.013242e+05        1.000000e-04        4.772185e-01        2.741172e+01        -0.000000e+00       -6.218536e+06       2.720000e-08        4.487533e-01    6.005412e-07    9.930044e-02    1.832086e-05    4.429466e-01    8.965023e-03    2.379960e-06    1.182824e-06    1.216059e-05    1.000007e-01    9.999385e-02    1.000008e-01    9.999997e-02    3.663572e-08    0.000000e+00    6.000047e-01    1.167319e-01    1.021763e-01    1.605494e-01    7.354517e-03    2.407702e-08    0.000000e+00    6.131878e-01    
1.496545e-07        7.000000e+02        1.013241e+05        1.000000e-04        4.772179e-01        2.741171e+01        -0.000000e+00       -4.726161e+06       2.720000e-08        3.801326e-01    4.257976e-07    9.611839e-02    1.340730e-05    5.150173e-01    8.681328e-03    2.144330e-06    2.024754e-06    3.238270e-05    1.000008e-01    9.999282e-02    1.000009e-01    1.000001e-01    4.959937e-08    0.000000e+00    6.000053e-01    1.167320e-01    1.021753e-01    1.605496e-01    7.354527e-03    3.259674e-08    0.000000e+00    6.131886e-01    
1.738192e-07        7.000000e+02        1.013240e+05        1.000000e-04        4.772176e-01        2.741171e+01        -0.000000e+00       -3.759122e+06       2.720000e-08        3.431868e-01    3.106609e-07    9.249487e-02    1.015553e-05    5.559555e-01    8.291172e-03    2.006969e-06    2.516854e-06    5.659181e-05    1.000008e-01    9.999223e-02    1.000010e-01    1.000002e-01    5.624617e-08    0.000000e+00    6.000057e-01    1.167321e-01    1.021747e-01    1.605497e-01    7.354533e-03    3.696503e-08    0.000000e+00    6.131889e-01    
1.977859e-07        7.000000e+02        1.013240e+05        1.000000e-04        4.772174e-01        2.741171e+01        -0.000000e+00       -2.895604e+06       2.720000e-08        3.152225e-01    2.260008e-07    8.859657e-02    7.704341e-06    5.882342e-01    7.844549e-03    1.888848e-06    2.834112e-06    8.953994e-05    1.000009e-01    9.999177e-02    1.000010e-01    1.000002e-01    6.103520e-08    0.000000e+00    6.000060e-01    1.167322e-01    1.021742e-01    1.605498e-01    7.354539e-03    4.011238e-08    0.000000e+00    6.131893e-01    
2.329634e-07        7.000000e+02        1.013239e+05        1.000000e-04        4.772171e-01        2.741171e+01        -0.000000e+00       -1.841664e+06       2.720000e-08        2.870772e-01    1.478139e-07    8.302165e-02    5.367699e-06    6.225602e-01    7.177474e-03    1.749384e-06    3.012848e-06    1.532382e-04    1.000009e-01    9.999126e-02    1.000011e-01    1.000003e-01    6.587652e-08    0.000000e+00    6.000063e-01    1.167322e-01    1.021737e-01    1.605499e-01    7.354545e-03    4.329410e-08    0.000000e+00    6.131896e-01    
2.558690e-07        7.000000e+02        1.013239e+05        1.000000e-04        4.772170e-01        2.741171e+01        -0.000000e+00       -1.310779e+06       2.720000e-08        2.752474e-01    1.167404e-07    7.970473e-02    4.410935e-06    6.380670e-01    6.768952e-03    1.680329e-06    2.995622e-06    2.028004e-04    1.000010e-01    9.999103e-02    1.000011e-01    1.000004e-01    6.813695e-08    0.000000e+00    6.000064e-01    1.167322e-01    1.021734e-01    1.605500e-01    7.354549e-03    4.477966e-08    0.000000e+00    6.131897e-01    
2.983474e-07        7.000000e+02        1.013239e+05        1.000000e-04        4.772169e-01        2.741171e+01        -0.000000e+00       -6.344036e+05       2.720000e-08        2.625785e-01    8.200762e-08    7.441706e-02    3.313544e-06    6.565888e-01    6.102074e-03    1.590468e-06    2.817624e-06    3.057702e-04    1.000010e-01    9.999074e-02    1.000012e-01    1.000004e-01    7.125021e-08    0.000000e+00    6.000066e-01    1.167323e-01    1.021731e-01    1.605501e-01    7.354554e-03    4.682570e-08    0.000000e+00    6.131899e-01    
3.436733e-07        7.000000e+02        1.013239e+05        1.000000e-04        4.772168e-01        2.741171e+01        -0.000000e+00       -2.451383e+05       2.720000e-08        2.569602e-01    6.212082e-08    7.001469e-02    2.665113e-06    6.670635e-01    5.531094e-03    1.533340e-06    2.562679e-06    4.236429e-04    1.000010e-01    9.999057e-02    1.000012e-01    1.000005e-01    7.367178e-08    0.000000e+00    6.000067e-01    1.167323e-01    1.021730e-01    1.605501e-01    7.354557e-03    4.841716e-08    0.000000e+00    6.131900e-01    
3.811430e-07        7.000000e+02        1.013239e+05        1.000000e-04        4.772168e-01        2.741171e+01        -0.000000e+00       -7.908822e+04       2.720000e-08        2.553185e-01    5.226977e-08    6.721764e-02    2.334676e-06    6.717761e-01    5.158609e-03    1.504445e-06    2.366375e-06    5.229112e-04    1.000010e-01    9.999049e-02    1.000012e-01    1.000005e-01    7.527264e-08    0.000000e+00    6.000067e-01    1.167323e-01    1.021729e-01    1.605502e-01    7.354559e-03    4.946925e-08    0.000000e+00    6.131901e-01    
4.357365e-07        7.000000e+02        1.013239e+05        1.000000e-04        4.772167e-01        2.741171e+01        -0.000000e+00       3.612476e+04        2.720000e-08        2.549035e-01    4.338957e-08    6.421547e-02    2.027883e-06    6.754623e-01    4.745999e-03    1.478763e-06    2.136562e-06    6.670060e-04    1.000010e-01    9.999042e-02    1.000013e-01    1.000005e-01    7.721871e-08    0.000000e+00    6.000067e-01    1.167323e-01    1.021728e-01    1.605502e-01    7.354561e-03    5.074820e-08    0.000000e+00    6.131901e-01    
5.067346e-07        7.000000e+02        1.013239e+05        1.000000e-04        4.772167e-01        2.741171e+01        -0.000000e+00       9.130844e+04        2.720000e-08        2.553908e-01    3.686810e-08    6.167053e-02    1.793799e-06    6.777038e-01    4.378285e-03    1.460189e-06    1.931331e-06    8.513768e-04    1.000010e-01    9.999036e-02    1.000013e-01    1.000006e-01    7.934229e-08    0.000000e+00    6.000067e-01    1.167323e-01    1.021728e-01    1.605502e-01    7.354563e-03    5.214382e-08    0.000000e+00    6.131901e-01    
6.625363e-07        7.000000e+02        1.013239e+05        1.000000e-04        4.772167e-01        2.741171e+01        -0.000000e+00       1.184927e+05        2.720000e-08        2.563689e-01    3.069174e-08    5.902004e-02    1.560075e-06    6.794079e-01    3.953189e-03    1.441634e-06    1.706093e-06    1.245232e-03    1.000010e-01    9.999028e-02    1.000013e-01    1.000006e-01    8.323066e-08    0.000000e+00    6.000068e-01    1.167323e-01    1.021727e-01    1.605503e-01    7.354564e-03    5.469926e-08    0.000000e+00    6.131901e-01    
8.959776e-07        7.000000e+02        1.013239e+05        1.000000e-04        4.772167e-01        2.741171e+01        -0.000000e+00       1.231509e+05        2.720000e-08        2.566390e-01    2.800740e-08    5.788216e-02    1.451493e-06    6.799291e-01    3.724648e-03    1.431141e-06    1.596788e-06    1.820615e-03    1.000009e-01    9.999021e-02    1.000014e-01    1.000006e-01    8.832571e-08    0.000000e+00    6.000068e-01    1.167322e-01    1.021726e-01    1.605504e-01    7.354565e-03    5.804774e-08    0.000000e+00    6.131901e-01    
1.219291e-06        7.000000e+02        1.013239e+05        1.000000e-04        4.772167e-01        2.741171e+01        -0.000000e+00       1.228029e+05        2.720000e-08        2.563123e-01    2.712681e-08    5.754605e-02    1.414008e-06    6.798978e-01    3.635413e-03    1.425012e-06    1.558368e-06    2.604036e-03    1.000009e-01    9.999012e-02    1.000015e-01    1.000006e-01    9.499784e-08    0.000000e+00    6.000068e-01    1.167322e-01    1.021725e-01    1.605505e-01    7.354564e-03    6.243266e-08    0.000000e+00    6.131901e-01    
1.725642e-06        7.000000e+02        1.013238e+05        1.000000e-04        4.772167e-01        2.741171e+01        -0.000000e+00       1.216363e+05        2.720000e-08        2.555993e-01    2.674791e-08    5.735865e-02    1.398760e-06    6.796301e-01    3.598535e-03    1.419268e-06    1.542404e-06    3.809056e-03    1.000009e-01    9.998999e-02    1.000016e-01    1.000006e-01    1.052357e-07    0.000000e+00    6.000068e-01    1.167321e-01    1.021724e-01    1.605507e-01    7.354564e-03    6.916100e-08    0.000000e+00    6.131901e-01    
2.621385e-06        7.000000e+02        1.013238e+05        1.000000e-04        4.772167e-01        2.741172e+01        -0.000000e+00       1.200379e+05        2.720000e-08        2.543416e-01    2.635550e-08    5.707664e-02    1.384967e-06    6.791284e-01    3.569377e-03    1.410704e-06    1.527710e-06    5.879635e-03    1.000008e-01    9.998977e-02    1.000018e-01    1.000006e-01    1.231021e-07    0.000000e+00    6.000069e-01    1.167320e-01    1.021721e-01    1.605511e-01    7.354563e-03    8.090281e-08    0.000000e+00    6.131901e-01    
4.621406e-06        7.000000e+02        1.013238e+05        1.000000e-04        4.772167e-01        2.741172e+01        -0.000000e+00       1.168480e+05        2.720000e-08        2.516974e-01    2.558002e-08    5.648397e-02    1.358144e-06    6.780623e-01    3.514410e-03    1.393009e-06    1.499053e-06    1.023762e-02    1.000006e-01    9.998928e-02    1.000023e-01    1.000006e-01    1.621125e-07    0.000000e+00    6.000071e-01    1.167318e-01    1.021716e-01    1.605518e-01    7.354560e-03    1.065404e-07    0.000000e+00    6.131901e-01    
1.307190e-05        7.000000e+02        1.013237e+05        1.000000e-04        4.772167e-01        2.741175e+01        -0.000000e+00       1.062406e+05        2.720000e-08        2.425969e-01    2.301769e-08    5.444407e-02    1.267192e-06    6.743031e-01    3.326713e-03    1.332722e-06    1.401747e-06    2.532520e-02    9.999980e-02    9.998737e-02    1.000043e-01    1.000005e-01    3.158063e-07    0.000000e+00    6.000077e-01    1.167307e-01    1.021695e-01    1.605548e-01    7.354550e-03    2.075479e-07    0.000000e+00    6.131902e-01    
3.426959e-05        7.000000e+02        1.013235e+05        1.000000e-04        4.772166e-01        2.741181e+01        -0.000000e+00       9.132302e+04        2.720000e-08        2.288913e-01    1.946393e-08    5.137193e-02    1.134101e-06    6.683596e-01    3.047708e-03    1.243685e-06    1.258969e-06    4.832579e-02    9.999804e-02    9.998331e-02    1.000085e-01    1.000005e-01    6.498877e-07    0.000000e+00    6.000090e-01    1.167284e-01    1.021652e-01    1.605612e-01    7.354528e-03    4.271052e-07    0.000000e+00    6.131902e-01    
6.449879e-05        7.000000e+02        1.013232e+05        1.000000e-04        4.772166e-01        2.741188e+01        -0.000000e+00       8.217850e+04        2.720000e-08        2.198574e-01    1.732618e-08    4.934694e-02    1.049081e-06    6.642381e-01    2.866416e-03    1.186149e-06    1.167497e-06    6.368771e-02    9.999574e-02    9.997843e-02    1.000138e-01    1.000003e-01    1.062784e-06    0.000000e+00    6.000107e-01    1.167254e-01    1.021599e-01    1.605692e-01    7.354499e-03    6.984582e-07    0.000000e+00    6.131902e-01    
1.091989e-04        7.000000e+02        1.013228e+05        1.000000e-04        4.772166e-01        2.741198e+01        -0.000000e+00       7.729292e+04        2.720000e-08        2.147987e-01    1.621521e-08    4.821293e-02    1.002464e-06    6.618505e-01    2.765838e-03    1.154355e-06    1.117222e-06    7.236882e-02    9.999253e-02    9.997196e-02    1.000209e-01    1.000002e-01    1.619616e-06    0.000000e+00    6.000129e-01    1.167212e-01    1.021529e-01    1.605801e-01    7.354459e-03    1.064403e-06    0.000000e+00    6.131902e-01    
1.777047e-04        7.000000e+02        1.013223e+05        1.000000e-04        4.772166e-01        2.741213e+01        -0.000000e+00       7.535484e+04        2.720000e-08        2.127464e-01    1.581519e-08    4.775272e-02    9.837649e-07    6.608581e-01    2.725157e-03    1.141602e-06    1.096971e-06    7.591437e-02    9.998775e-02    9.996259e-02    1.000313e-01    9.999987e-02    2.434469e-06    0.000000e+00    6.000161e-01    1.167150e-01    1.021428e-01    1.605959e-01    7.354399e-03    1.599911e-06    0.000000e+00    6.131902e-01    
2.820027e-04        7.000000e+02        1.013215e+05        1.000000e-04        4.772166e-01        2.741235e+01        -0.000000e+00       7.492516e+04        2.720000e-08        2.122958e-01    1.579513e-08    4.765142e-02    9.796860e-07    6.606258e-01    2.716080e-03    1.138926e-06    1.092428e-06    7.670765e-02    9.998054e-02    9.994858e-02    1.000469e-01    9.999945e-02    3.656764e-06    0.000000e+00    6.000209e-01    1.167057e-01    1.021277e-01    1.606197e-01    7.354310e-03    2.403172e-06    0.000000e+00    6.131902e-01    
4.534236e-04        7.000000e+02        1.013201e+05        1.000000e-04        4.772166e-01        2.741271e+01        -0.000000e+00       7.489092e+04        2.720000e-08        2.122754e-01    1.591913e-08    4.764633e-02    9.795205e-07    6.605907e-01    2.715368e-03    1.139026e-06    1.092013e-06    7.676897e-02    9.996872e-02    9.992562e-02    1.000725e-01    9.999876e-02    5.661237e-06    0.000000e+00    6.000288e-01    1.166904e-01    1.021029e-01    1.606586e-01    7.354162e-03    3.720434e-06    0.000000e+00    6.131902e-01    
8.360132e-04        7.000000e+02        1.013172e+05        1.000000e-04        4.772166e-01        2.741351e+01        -0.000000e+00       7.490407e+04        2.720000e-08        2.123260e-01    1.621710e-08    4.765654e-02    9.800239e-07    6.605587e-01    2.715674e-03    1.139850e-06    1.092025e-06    7.673985e-02    9.994232e-02    9.987437e-02    1.001296e-01    9.999722e-02    1.013686e-05    0.000000e+00    6.000464e-01    1.166561e-01    1.020475e-01    1.607456e-01    7.353833e-03    6.661513e-06    0.000000e+00    6.131902e-01    
3.542472e-03        7.000000e+02        1.012961e+05        1.000000e-04        4.772166e-01        2.741921e+01        -0.000000e+00       7.500263e+04        2.720000e-08        2.126909e-01    1.833662e-08    4.773022e-02    9.836533e-07    6.603341e-01    2.717954e-03    1.145733e-06    1.092170e-06    7.652355e-02    9.975541e-02    9.951156e-02    1.005339e-01    9.998623e-02    4.189905e-05    0.000000e+00    6.001710e-01    1.164138e-01    1.016557e-01    1.613612e-01    7.351498e-03    2.752856e-05    0.000000e+00    6.131902e-01    
3.671099e-02        7.000000e+02        1.010360e+05        1.000000e-04        4.772166e-01        2.748981e+01        -0.000000e+00       7.624821e+04        2.720000e-08        2.173206e-01    4.587922e-08    4.866231e-02    1.030656e-06    6.574670e-01    2.746597e-03    1.220118e-06    1.093822e-06    7.380009e-02    9.743737e-02    9.502234e-02    1.055383e-01    9.983945e-02    4.462232e-04    0.000000e+00    6.017163e-01    1.134166e-01    9.682046e-02    1.689584e-01    7.321853e-03    2.924252e-04    0.000000e+00    6.131902e-01    
1.821546e-01        7.000000e+02        9.983729e+04        1.000000e-04        4.772168e-01        2.781987e+01        -0.000000e+00       8.270668e+04        2.720000e-08        2.418922e-01    2.129344e-07    5.352105e-02    1.312607e-06    6.416422e-01    2.890725e-03    1.607424e-06    1.096965e-06    6.004962e-02    8.660038e-02    7.433538e-02    1.286338e-01    9.885293e-02    2.636774e-03    0.000000e+00    6.089408e-01    9.960646e-02    7.484341e-02    2.034892e-01    7.163495e-03    1.707466e-03    0.000000e+00    6.131900e-01    
3.058436e-01        7.000000e+02        9.872557e+04        1.000000e-04        4.772170e-01        2.813316e+01        -0.000000e+00       9.002618e+04        2.720000e-08        2.709709e-01    4.593464e-07    5.906148e-02    1.731177e-06    6.213830e-01    3.048537e-03    2.049818e-06    1.087914e-06    4.553073e-02    7.631427e-02    5.532573e-02    1.499295e-01    9.729096e-02    5.341553e-03    0.000000e+00    6.157979e-01    8.679808e-02    5.508354e-02    2.345364e-01    6.971794e-03    3.420451e-03    0.000000e+00    6.131897e-01    
3.856436e-01        7.000000e+02        9.794800e+04        1.000000e-04        4.772172e-01        2.835651e+01        -0.000000e+00       9.618291e+04        2.720000e-08        2.965150e-01    7.238945e-07    6.371659e-02    2.195267e-06    6.019969e-01    3.181460e-03    2.423849e-06    1.067660e-06    3.458364e-02    6.898106e-02    4.233968e-02    1.645455e-01    9.561113e-02    7.836107e-03    0.000000e+00    6.206865e-01    7.783949e-02    4.182230e-02    2.553729e-01    6.797454e-03    4.978309e-03    0.000000e+00    6.131895e-01    
4.657393e-01        7.000000e+02        9.710279e+04        1.000000e-04        4.772174e-01        2.860334e+01        -0.000000e+00       1.042679e+05        2.720000e-08        3.315400e-01    1.167623e-06    6.973260e-02    3.017635e-06    5.727797e-01    3.365986e-03    2.912837e-06    1.019661e-06    2.257361e-02    6.087661e-02    2.885121e-02    1.798355e-01    9.289142e-02    1.145620e-02    0.000000e+00    6.260891e-01    6.810147e-02    2.825272e-02    2.766942e-01    6.547105e-03    7.215362e-03    0.000000e+00    6.131892e-01    
5.161139e-01        7.000000e+02        9.652603e+04        1.000000e-04        4.772177e-01        2.877427e+01        -0.000000e+00       1.110335e+05        2.720000e-08        3.619256e-01    1.634349e-06    7.457151e-02    3.937714e-06    5.450038e-01    3.538892e-03    3.312922e-06    9.585525e-07    1.495034e-02    5.526462e-02    2.032903e-02    1.896052e-01    9.019024e-02    1.478083e-02    0.000000e+00    6.298301e-01    6.145621e-02    1.978907e-02    2.899929e-01    6.318963e-03    9.253987e-03    0.000000e+00    6.131889e-01    
5.444525e-01        7.000000e+02        9.618077e+04        1.000000e-04        4.772179e-01        2.887757e+01        -0.000000e+00       1.158136e+05        2.720000e-08        3.837938e-01    2.018844e-06    7.782332e-02    4.725858e-06    5.237853e-01    3.675550e-03    3.586532e-06    9.041774e-07    1.091079e-02    5.187288e-02    1.565340e-02    1.950348e-01    8.808280e-02    1.726506e-02    0.000000e+00    6.320910e-01    5.747812e-02    1.518312e-02    2.972302e-01    6.149234e-03    1.077065e-02    0.000000e+00    6.131886e-01    
5.755836e-01        7.000000e+02        9.577859e+04        1.000000e-04        4.772181e-01        2.899884e+01        -0.000000e+00       1.223670e+05        2.720000e-08        4.140683e-01    2.617644e-06    8.200564e-02    5.974369e-06    4.930786e-01    3.884422e-03    3.946302e-06    8.176820e-07    6.949753e-03    4.789112e-02    1.078376e-02    2.007897e-01    8.498949e-02    2.080070e-02    0.000000e+00    6.347452e-01    5.284418e-02    1.041604e-02    3.047209e-01    5.908471e-03    1.292205e-02    0.000000e+00    6.131883e-01    
5.961876e-01        7.000000e+02        9.549545e+04        1.000000e-04        4.772183e-01        2.908484e+01        -0.000000e+00       1.278167e+05        2.720000e-08        4.393690e-01    3.175139e-06    8.522581e-02    7.120696e-06    4.665683e-01    4.075166e-03    4.231798e-06    7.396079e-07    4.746365e-03    4.506769e-02    7.838771e-03    2.043625e-01    8.228807e-02    2.381576e-02    0.000000e+00    6.366272e-01    4.958170e-02    7.549087e-03    3.092260e-01    5.703754e-03    1.475136e-02    0.000000e+00    6.131881e-01    
6.174539e-01        7.000000e+02        9.518483e+04        1.000000e-04        4.772186e-01        2.917977e+01        -0.000000e+00       1.347699e+05        2.720000e-08        4.717706e-01    3.960604e-06    8.900594e-02    8.642576e-06    4.319448e-01    4.333903e-03    4.581085e-06    6.395470e-07    2.926945e-03    4.195085e-02    5.171554e-03    2.077228e-01    7.872220e-02    2.772785e-02    0.000000e+00    6.387047e-01    4.600254e-02    4.964235e-03    3.132881e-01    5.438836e-03    1.711861e-02    0.000000e+00    6.131877e-01    
6.299842e-01        7.000000e+02        9.499111e+04        1.000000e-04        4.772188e-01        2.923928e+01        -0.000000e+00       1.396506e+05        2.720000e-08        4.946857e-01    4.562029e-06    9.145847e-02    9.698567e-06    4.072209e-01    4.520481e-03    4.819658e-06    5.732329e-07    2.094782e-03    3.999673e-02    3.838093e-03    2.094908e-01    7.614783e-02    3.051928e-02    0.000000e+00    6.400072e-01    4.377041e-02    3.676731e-03    3.153115e-01    5.250266e-03    1.880364e-02    0.000000e+00    6.131875e-01    
6.478058e-01        7.000000e+02        9.469933e+04        1.000000e-04        4.772191e-01        2.932939e+01        -0.000000e+00       1.476421e+05        2.720000e-08        5.330697e-01    5.651377e-06    9.516631e-02    1.132553e-05    3.656992e-01    4.826033e-03    5.208750e-06    4.773030e-07    1.216055e-03    3.703817e-02    2.313380e-03    2.116735e-01    7.175610e-02    3.523963e-02    0.000000e+00    6.419792e-01    4.040818e-02    2.209312e-03    3.176179e-01    4.932264e-03    2.164525e-02    0.000000e+00    6.131871e-01    
6.588215e-01        7.000000e+02        9.450841e+04        1.000000e-04        4.772193e-01        2.938866e+01        -0.000000e+00       1.530270e+05        2.720000e-08        5.603368e-01    6.487726e-06    9.748346e-02    1.232410e-05    3.362895e-01    5.029678e-03    5.480069e-06    4.229085e-07    8.358674e-04    3.509231e-02    1.606003e-03    2.128137e-01    6.857223e-02    3.863964e-02    0.000000e+00    6.432761e-01    3.820807e-02    1.530664e-03    3.186848e-01    4.703911e-03    2.368577e-02    0.000000e+00    6.131868e-01    
6.692604e-01        7.000000e+02        9.431978e+04        1.000000e-04        4.772195e-01        2.944745e+01        -0.000000e+00       1.580992e+05        2.720000e-08        5.883976e-01    7.405995e-06    9.955978e-02    1.319301e-05    3.062213e-01    5.222089e-03    5.756795e-06    3.787513e-07    5.725062e-04    3.316209e-02    1.097407e-03    2.137516e-01    6.522086e-02    4.220541e-02    0.000000e+00    6.445626e-01    3.603438e-02    1.043838e-03    3.194503e-01    4.465082e-03    2.581991e-02    0.000000e+00    6.131865e-01    
6.807702e-01        7.000000e+02        9.410369e+04        1.000000e-04        4.772198e-01        2.951508e+01        -0.000000e+00       1.630040e+05        2.720000e-08        6.210149e-01    8.557003e-06    1.014997e-01    1.399325e-05    2.716669e-01    5.418757e-03    6.076727e-06    3.405135e-07    3.708453e-04    3.094145e-02    6.994565e-04    2.146435e-01    6.117809e-02    4.649483e-02    0.000000e+00    6.460427e-01    3.354435e-02    6.637886e-04    3.200481e-01    4.178712e-03    2.837886e-02    0.000000e+00    6.131862e-01    
6.945204e-01        7.000000e+02        9.383710e+04        1.000000e-04        4.772201e-01        2.959895e+01        -0.000000e+00       1.664656e+05        2.720000e-08        6.600192e-01    1.008621e-05    1.029042e-01    1.464640e-05    2.312177e-01    5.606200e-03    6.458209e-06    3.087014e-07    2.212517e-04    2.818762e-02    4.029307e-04    2.155525e-01    5.596762e-02    5.201120e-02    0.000000e+00    6.478781e-01    3.047227e-02    3.813003e-04    3.204928e-01    3.811983e-03    3.165591e-02    0.000000e+00    6.131858e-01    
7.013008e-01        7.000000e+02        9.370394e+04        1.000000e-04        4.772202e-01        2.964102e+01        -0.000000e+00       1.666166e+05        2.720000e-08        6.781421e-01    1.087631e-05    1.030611e-01    1.482631e-05    2.129201e-01    5.670002e-03    6.635305e-06    2.973548e-07    1.740780e-04    2.680637e-02    3.102655e-04    2.159524e-01    5.329809e-02    5.483416e-02    0.000000e+00    6.487987e-01    2.893794e-02    2.931928e-04    3.206316e-01    3.625009e-03    3.332670e-02    0.000000e+00    6.131856e-01    
7.121108e-01        7.000000e+02        9.349254e+04        1.000000e-04        4.772204e-01        2.970806e+01        -0.000000e+00       1.641277e+05        2.720000e-08        7.039356e-01    1.213725e-05    1.024072e-01    1.491007e-05    1.877761e-01    5.722941e-03    6.887326e-06    2.829484e-07    1.239696e-04    2.460532e-02    2.130757e-04    2.165390e-01    4.899361e-02    5.938316e-02    0.000000e+00    6.502658e-01    2.650193e-02    2.008967e-04    3.207771e-01    3.324725e-03    3.601001e-02    0.000000e+00    6.131853e-01    
7.229767e-01        7.000000e+02        9.328518e+04        1.000000e-04        4.772206e-01        2.977410e+01        -0.000000e+00       1.581677e+05        2.720000e-08        7.248546e-01    1.335261e-05    1.005980e-01    1.476026e-05    1.687038e-01    5.713313e-03    7.091748e-06    2.708227e-07    9.482464e-05    2.243686e-02    1.575036e-04    2.170767e-01    4.471259e-02    6.390510e-02    0.000000e+00    6.517112e-01    2.411272e-02    1.481716e-04    3.208603e-01    3.027482e-03    3.866616e-02    0.000000e+00    6.131851e-01    
7.374973e-01        7.000000e+02        9.302331e+04        1.000000e-04        4.772207e-01        2.985793e+01        -0.000000e+00       1.460148e+05        2.720000e-08        7.448794e-01    1.482709e-05    9.669535e-02    1.427945e-05    1.526960e-01    5.617616e-03    7.287494e-06    2.556862e-07    7.499278e-05    1.968462e-02    1.202558e-04    2.177258e-01    3.924567e-02    6.967782e-02    0.000000e+00    6.535459e-01    2.109552e-02    1.128131e-04    3.209162e-01    2.649858e-03    4.204062e-02    0.000000e+00    6.131850e-01    
7.483678e-01        7.000000e+02        9.284224e+04        1.000000e-04        4.772208e-01        2.991616e+01        -0.000000e+00       1.352258e+05        2.720000e-08        7.552541e-01    1.580637e-05    9.306235e-02    1.378911e-05    1.460737e-01    5.504785e-03    7.388945e-06    2.444714e-07    6.780864e-05    1.777258e-02    1.068626e-04    2.181641e-01    3.543511e-02    7.370084e-02    0.000000e+00    6.548205e-01    1.900936e-02    1.000536e-04    3.209364e-01    2.387913e-03    4.438138e-02    0.000000e+00    6.131849e-01    
7.625313e-01        7.000000e+02        9.262761e+04        1.000000e-04        4.772208e-01        2.998548e+01        -0.000000e+00       1.206958e+05        2.720000e-08        7.650922e-01    1.693829e-05    8.791606e-02    1.307372e-05    1.415591e-01    5.331702e-03    7.485177e-06    2.299699e-07    6.316740e-05    1.549655e-02    9.817200e-05    2.186787e-01    3.089185e-02    7.849702e-02    0.000000e+00    6.563377e-01    1.653662e-02    9.170429e-05    3.209496e-01    2.076937e-03    4.716028e-02    0.000000e+00    6.131849e-01    
7.842955e-01        7.000000e+02        9.234412e+04        1.000000e-04        4.772208e-01        3.007754e+01        -0.000000e+00       9.963436e+04        2.720000e-08        7.760333e-01    1.841898e-05    7.985473e-02    1.193833e-05    1.389635e-01    5.049875e-03    7.592228e-06    2.083650e-07    6.045430e-05    1.247399e-02    9.295706e-05    2.193556e-01    2.485203e-02    8.487274e-02    0.000000e+00    6.583527e-01    1.327045e-02    8.656715e-05    3.209577e-01    1.665751e-03    5.083468e-02    0.000000e+00    6.131848e-01    
8.049533e-01        7.000000e+02        9.212221e+04        1.000000e-04        4.772208e-01        3.014999e+01        -0.000000e+00       8.216487e+04        2.720000e-08        7.843260e-01    1.959428e-05    7.248514e-02    1.089911e-05    1.383005e-01    4.790391e-03    7.673379e-06    1.890000e-07    5.955779e-05    1.009512e-02    9.115934e-05    2.198860e-01    2.009617e-02    8.989297e-02    0.000000e+00    6.599386e-01    1.071389e-02    8.468901e-05    3.209607e-01    1.343744e-03    5.371218e-02    0.000000e+00    6.131848e-01    
8.367979e-01        7.000000e+02        9.185541e+04        1.000000e-04        4.772208e-01        3.023757e+01        -0.000000e+00       6.025124e+04        2.720000e-08        7.953567e-01    2.106144e-05    6.201122e-02    9.432225e-06    1.381074e-01    4.427405e-03    7.781334e-06    1.616566e-07    5.880589e-05    7.219787e-03    8.985370e-05    2.205262e-01    1.434688e-02    9.596182e-02    0.000000e+00    6.618554e-01    7.640123e-03    8.323428e-05    3.209630e-01    9.565356e-04    5.717233e-02    0.000000e+00    6.131848e-01    
8.638947e-01        7.000000e+02        9.168610e+04        1.000000e-04        4.772208e-01        3.029340e+01        -0.000000e+00       4.582037e+04        2.720000e-08        8.037393e-01    2.204665e-05    5.401511e-02    8.327357e-06    1.379884e-01    4.160797e-03    7.863385e-06    1.408269e-07    5.802268e-05    5.386481e-03    8.892050e-05    2.209346e-01    1.068126e-02    9.983120e-02    0.000000e+00    6.630776e-01    5.689576e-03    8.221800e-05    3.209645e-01    7.108289e-04    5.936801e-02    0.000000e+00    6.131848e-01    
9.023700e-01        7.000000e+02        9.151394e+04        1.000000e-04        4.772208e-01        3.035040e+01        -0.000000e+00       3.065211e+04        2.720000e-08        8.145002e-01    2.312739e-05    4.407427e-02    6.984802e-06    1.374759e-01    3.855217e-03    7.968739e-06    1.149542e-07    5.619580e-05    3.515180e-03    8.724085e-05    2.213521e-01    6.940425e-03    1.037800e-01    0.000000e+00    6.643251e-01    3.706005e-03    8.051349e-05    3.209672e-01    4.610120e-04    6.160042e-02    0.000000e+00    6.131848e-01    
9.388753e-01        7.000000e+02        9.140429e+04        1.000000e-04        4.772209e-01        3.038680e+01        -0.000000e+00       2.066913e+04        2.720000e-08        8.237788e-01    2.389604e-05    3.606933e-02    5.946593e-06    1.364083e-01    3.652213e-03    8.059615e-06    9.413753e-08    5.337035e-05    2.319755e-03    8.498323e-05    2.216200e-01    4.551914e-03    1.063014e-01    0.000000e+00    6.651219e-01    2.442755e-03    7.833598e-05    3.209707e-01    3.019949e-04    6.302144e-02    0.000000e+00    6.131848e-01    
9.727091e-01        7.000000e+02        9.133518e+04        1.000000e-04        4.772209e-01        3.040980e+01        -0.000000e+00       1.420865e+04        2.720000e-08        8.318588e-01    2.445140e-05    2.976807e-02    5.177661e-06    1.347340e-01    3.551731e-03    8.138793e-06    7.776764e-08    4.955276e-05    1.564706e-03    8.210562e-05    2.217906e-01    3.044772e-03    1.078925e-01    0.000000e+00    6.656253e-01    1.646425e-03    7.562622e-05    3.209750e-01    2.018514e-04    6.391636e-02    0.000000e+00    6.131848e-01    
9.969160e-01        7.000000e+02        9.129953e+04        1.000000e-04        4.772209e-01        3.042167e+01        -0.000000e+00       1.081234e+04        2.720000e-08        8.375022e-01    2.478356e-05    2.585190e-02    4.735939e-06    1.330197e-01    3.542330e-03    8.194120e-06    6.760480e-08    4.601745e-05    1.174853e-03    7.947053e-05    2.218799e-01    2.267764e-03    1.087129e-01    0.000000e+00    6.658851e-01    1.235729e-03    7.317052e-05    3.209789e-01    1.502814e-04    6.437720e-02    0.000000e+00    6.131848e-01    
