<?xml version="1.0" encoding="utf-8"?>
<opensmoke version="0.1a">
<Type> HomogeneousReactor </Type>
<additional>
6
time [s] 2
temperature [K] 3
pressure [Pa] 4
mol-weight [kg/kmol] 5
density [kg/m3] 6
heat-release [W/m3] 7
</additional>
<t-p-mw>
1 2 3
</t-p-mw>
<mass-fractions>
32
H2 2.01600003e+00 8
O2 3.19979992e+01 9
H2O 1.80149996e+01 10
H2O2 3.40139992e+01 11
O 1.59989996e+01 12
H 1.00800002e+00 13
OH 1.70069996e+01 14
HO2 3.30059992e+01 15
CO 2.80099993e+01 16
CO2 4.40089989e+01 17
HCO 2.90179993e+01 18
NO 3.00059996e+01 19
N2O 4.40129995e+01 20
NO2 4.60049992e+01 21
N2H2 3.00300000e+01 22
HNO 3.10139996e+01 23
HNNO 4.50209996e+01 24
HONO 4.70129992e+01 25
NH3 1.70310000e+01 26
HNO2 4.70129992e+01 27
HONO2 6.30119988e+01 28
N2H4 3.20460000e+01 29
N 1.40070000e+01 30
NO3 6.20039988e+01 31
NNH 2.90220000e+01 32
NH2 1.60230000e+01 33
H2NO 3.20219996e+01 34
NH 1.50150000e+01 35
N2H3 3.10380000e+01 36
HE 4.00299978e+00 37
AR 3.99480019e+01 38
N2 2.80139999e+01 39
</mass-fractions>
<profiles>
0.00000000e+00 1.00000000e+03 1.01325000e+05 2.09136337e+01 2.54866028e-01 -6.18491146e+01 2.851162593062e-02 2.262685934516e-01 0.000000000000e+00 0.000000000000e+00 0.000000000000e+00 0.000000000000e+00 0.000000000000e+00 0.000000000000e+00 0.000000000000e+00 0.000000000000e+00 0.000000000000e+00 0.000000000000e+00 0.000000000000e+00 0.000000000000e+00 0.000000000000e+00 0.000000000000e+00 0.000000000000e+00 0.000000000000e+00 0.000000000000e+00 0.000000000000e+00 0.000000000000e+00 0.000000000000e+00 0.000000000000e+00 0.000000000000e+00 0.000000000000e+00 0.000000000000e+00 0.000000000000e+00 0.000000000000e+00 0.000000000000e+00 0.000000000000e+00 0.000000000000e+00 7.452197806178e-01 
4.537752788929e-05 1.000000234996e+03 1.013250214224e+05 2.091363415185e+01 2.548660280120e-01 6.210784800226e+03 2.851161953346e-02 2.262685202922e-01 3.776163326129e-08 1.237760064589e-10 1.372433180246e-09 9.417011423677e-10 7.096248103970e-10 3.864740701301e-08 0.000000000000e+00 0.000000000000e+00 0.000000000000e+00 6.215970142646e-20 4.128600533826e-15 3.216155567762e-25 2.904543349758e-20 5.550586276612e-21 2.385165790092e-21 8.456982441256e-28 1.000734005445e-21 8.235734248681e-32 1.126934129479e-40 2.823171425604e-29 6.122224070803e-23 1.960202591652e-29 6.912555080387e-15 1.839426510188e-21 1.988848658804e-24 1.295592123828e-20 5.334384389743e-23 0.000000000000e+00 0.000000000000e+00 7.452197806178e-01 
7.449093051477e-05 1.000002792663e+03 1.013252556197e+05 2.091363930327e+01 2.548660280120e-01 6.953494680097e+04 2.851155339821e-02 2.262677709216e-01 4.338778238656e-07 1.434592837943e-09 1.517778810897e-08 1.040810346028e-08 7.869741855569e-09 4.262943628641e-07 0.000000000000e+00 0.000000000000e+00 0.000000000000e+00 7.382366141209e-18 4.741297235565e-14 4.150353631876e-22 3.473216396253e-18 6.588057809148e-19 3.044635108667e-19 1.087021729592e-24 1.151063676665e-19 9.326951048822e-29 1.434283349612e-37 1.192170728666e-26 8.388091700566e-22 2.197517287039e-27 7.640147932276e-14 2.223572013718e-19 5.340463597410e-22 1.624733754406e-18 7.033284554730e-20 0.000000000000e+00 0.000000000000e+00 7.452197806177e-01 
9.461811048688e-05 1.000014722911e+03 1.013263494758e+05 2.091366303416e+01 2.548660280120e-01 3.681422158255e+05 2.851124755861e-02 2.262643260509e-01 2.273224777462e-06 7.817829146429e-09 7.892580322884e-08 5.417390776063e-08 4.148189299998e-08 2.190148364516e-06 0.000000000000e+00 0.000000000000e+00 0.000000000000e+00 1.974680066770e-16 2.471229285313e-13 5.646500374048e-20 8.605724587219e-17 1.747029706791e-17 8.162085005905e-18 1.513524252664e-22 3.021921345568e-18 1.221890117450e-26 2.174049997088e-35 1.490881280727e-24 2.651314477975e-20 6.848914871209e-26 3.976806901948e-13 5.935942485971e-18 5.070504404065e-20 4.387190018286e-17 9.169620551831e-18 0.000000000000e+00 0.000000000000e+00 7.452197806172e-01 
1.154118268787e-04 1.000086099635e+03 1.013329293802e+05 2.091379766614e+01 2.548660280120e-01 2.289608847524e+06 2.850947164917e-02 2.262448866329e-01 1.313624746442e-05 5.360322404673e-08 4.492307657556e-07 3.100007728812e-07 2.532895584310e-07 1.165872780504e-05 0.000000000000e+00 0.000000000000e+00 0.000000000000e+00 6.207136226658e-15 1.389147114524e-12 9.067914000358e-18 1.838129426002e-15 5.324623080407e-16 2.470499260201e-16 2.780603213059e-20 9.207363254391e-17 1.942703603343e-24 1.487104320606e-32 1.987306132535e-22 4.131126656815e-18 1.175163704610e-23 2.276105880793e-12 1.827487779129e-16 7.420278071828e-18 1.387765263862e-15 1.179296583423e-15 0.000000000000e+00 0.000000000000e+00 7.452197806147e-01 
1.305683643616e-04 1.000360471310e+03 1.013585752518e+05 2.091424223923e+01 2.548660280120e-01 1.109234985517e+07 2.850317559804e-02 2.261817441546e-01 5.351796441753e-05 2.831137477519e-07 1.764109341789e-06 1.234839631685e-06 1.180555072662e-06 3.731904504080e-05 0.000000000000e+00 0.000000000000e+00 0.000000000000e+00 8.916293315692e-14 5.282621318368e-12 3.767517118965e-16 1.186185517924e-14 6.980129597283e-15 3.099471225836e-15 1.678333824088e-18 1.227272781161e-15 8.055551380236e-23 7.092561796756e-30 5.691754069449e-21 2.298151546224e-16 1.542963816669e-21 9.073621820116e-12 2.497333093627e-15 3.012447266244e-16 2.006995729573e-14 3.195303857218e-14 0.000000000000e+00 0.000000000000e+00 7.452197806055e-01 
1.410219574738e-04 1.001158660306e+03 1.014344414035e+05 2.091527481178e+01 2.548660280120e-01 4.187807873922e+07 2.848674257044e-02 2.260392679348e-01 1.661968138802e-04 9.593418491041e-07 5.210349603376e-06 3.718766351277e-06 4.291735277436e-06 7.383186311191e-05 0.000000000000e+00 0.000000000000e+00 0.000000000000e+00 7.039377039258e-13 1.521390279260e-11 4.820538460666e-15 4.041452154421e-14 4.614384814308e-14 1.798259358807e-14 4.034737568583e-17 8.806320820719e-15 1.066735659704e-21 6.866032701520e-28 5.321454371158e-20 5.110391866426e-15 5.062850678562e-20 2.739055747292e-11 1.845095370649e-14 3.885216607623e-15 1.557851001542e-13 3.057455634716e-13 0.000000000000e+00 0.000000000000e+00 7.452197805808e-01 
1.521977951327e-04 1.004962410911e+03 1.018006192579e+05 2.091922093992e+01 2.548660280120e-01 2.004527990059e+08 2.841504463727e-02 2.255108943842e-01 6.883394417622e-04 2.702824468865e-06 2.063675483128e-05 1.491547744812e-05 2.005840536741e-05 1.076274220217e-04 0.000000000000e+00 0.000000000000e+00 0.000000000000e+00 9.967482901765e-12 6.812412532190e-11 5.630154263344e-14 5.314836840204e-13 4.110516525795e-13 9.702994025173e-14 2.013505014378e-15 1.217080021923e-13 1.581989681426e-20 1.037831211876e-25 6.644089236737e-19 2.270819530137e-13 1.722247439165e-18 1.111420636383e-10 2.412083726463e-13 5.110075432552e-14 1.836834016466e-12 4.059864539992e-12 0.000000000000e+00 0.000000000000e+00 7.452197804558e-01 
1.605796733769e-04 1.015730969166e+03 1.028398990259e+05 2.092970760893e+01 2.548660280120e-01 6.559870015034e+08 2.821226163959e-02 2.240900614927e-01 2.183917238202e-03 3.705629914215e-06 6.725272275761e-05 4.750708792922e-05 6.551753000350e-05 1.099958288226e-04 0.000000000000e+00 0.000000000000e+00 0.000000000000e+00 1.074679074476e-10 3.480298555275e-10 2.566943721265e-13 0.000000000000e+00 1.255826211037e-12 2.513137126423e-13 5.171209283098e-14 3.314602672855e-12 1.270800262456e-19 3.169521094329e-24 1.507672405559e-17 4.521775619339e-12 1.335641595873e-17 3.657948929169e-10 1.576590040749e-12 8.758242943024e-13 1.255522605523e-11 3.260498448713e-10 0.000000000000e+00 0.000000000000e+00 7.452197799425e-01 
1.644912165575e-04 1.027484476582e+03 1.039732654534e+05 2.094110980170e+01 2.548660280120e-01 1.196916781653e+09 2.798305259579e-02 2.224904876084e-01 3.864621272864e-03 3.526349323093e-06 1.243562424677e-04 8.546790905202e-05 1.195439827896e-04 1.091628184309e-04 0.000000000000e+00 0.000000000000e+00 0.000000000000e+00 3.770908115435e-10 9.166057755792e-10 5.557339219209e-13 3.296514476048e-12 1.460912424333e-11 3.849857920606e-13 2.602247229026e-13 2.422106558576e-11 4.507588239250e-19 1.444604512443e-23 8.267367447849e-17 1.932115942385e-11 3.180610846078e-17 6.806813883265e-10 3.546416726856e-11 1.883669395667e-12 3.087520898800e-11 6.761488271612e-10 0.000000000000e+00 0.000000000000e+00 7.452197790587e-01 
1.678078938209e-04 1.045261375755e+03 1.056852102251e+05 2.095833586539e+01 2.548660280120e-01 2.113153413309e+09 2.762002918737e-02 2.199621681401e-01 6.504553765829e-03 2.892960205587e-06 2.238205730642e-04 1.477090108044e-04 2.112483275994e-04 1.077957823774e-04 0.000000000000e+00 0.000000000000e+00 0.000000000000e+00 1.207626399398e-09 2.396271477147e-09 1.151460925704e-12 7.071603728842e-12 2.402258670800e-11 6.108879000492e-13 1.084733418955e-12 9.915179903582e-11 1.803034955528e-18 5.707823302028e-23 1.354300310841e-16 6.720754932335e-11 7.042439403469e-17 1.235728654803e-09 6.688483284644e-11 2.759075809664e-12 6.720828035011e-11 7.289982162949e-10 0.000000000000e+00 0.000000000000e+00 7.452197769664e-01 
1.717036101554e-04 1.086696980346e+03 1.096649165758e+05 2.099843152477e+01 2.548660280120e-01 4.753367111006e+09 2.669624601298e-02 2.135395241805e-01 1.312212083029e-02 1.859110987496e-06 5.228924891800e-04 3.153132321403e-04 4.775628858037e-04 1.046939012832e-04 0.000000000000e+00 0.000000000000e+00 0.000000000000e+00 5.528038210600e-09 9.618320778148e-09 3.144455564169e-12 2.355669256320e-11 4.467137342192e-11 1.563949697338e-12 6.150720270426e-12 3.176058359647e-10 1.482354602201e-17 3.712257627183e-22 1.943098946238e-16 3.041684944564e-10 2.037288500713e-16 2.927205734737e-09 1.290953900526e-10 2.982695962638e-12 1.814711852887e-10 1.259449120320e-09 0.000000000000e+00 0.000000000000e+00 7.452197677421e-01 
1.727287986645e-04 1.105064061886e+03 1.114242126898e+05 2.101619018459e+01 2.548660280120e-01 6.169907072338e+09 2.625215712013e-02 2.104510111078e-01 1.626275085503e-02 1.685490489890e-06 6.881288655639e-04 3.994549288055e-04 6.216540067391e-04 1.033664585085e-04 8.055135590922e-23 4.070700515523e-24 0.000000000000e+00 8.829659175248e-09 1.496287510181e-08 4.431864996730e-12 1.145918620142e-11 6.447451609615e-11 2.288626725119e-12 1.009624500009e-11 4.362020961753e-10 2.932945604761e-17 6.720147614290e-22 2.552004774189e-16 4.798223215455e-10 2.867628204130e-16 3.865153849795e-09 1.780953167044e-10 3.388332050660e-12 2.497007884340e-10 1.550149834543e-09 0.000000000000e+00 0.000000000000e+00 7.452197612519e-01 
1.747467743949e-04 1.160962491279e+03 1.167600789456e+05 2.107026110085e+01 2.548660280120e-01 1.150581742819e+10 2.477528082814e-02 2.001434316630e-01 2.657469820369e-02 1.823504551859e-06 1.325860476683e-03 6.899837172952e-04 1.169725959510e-03 9.938499324040e-05 1.959205946446e-22 1.214386422220e-23 2.041749222693e-23 2.618223477135e-08 4.200820114460e-08 1.039728773023e-11 2.923611054549e-11 1.292713194994e-10 6.241266611203e-12 3.031934588635e-11 8.630401029049e-10 1.530152774750e-16 2.851477645773e-21 5.455997483565e-16 1.329877527794e-09 6.823029770880e-16 7.447632729646e-09 3.508544773765e-10 4.393790018469e-12 5.352762930325e-10 2.630887537475e-09 0.000000000000e+00 0.000000000000e+00 7.452197298288e-01 
1.755539646871e-04 1.196301030513e+03 1.201187102942e+05 2.110454167015e+01 2.548660280120e-01 1.571501718760e+10 2.375221349049e-02 1.929526208493e-01 3.363441328495e-02 2.205921956303e-06 1.838680702259e-03 8.972186036343e-04 1.606012746391e-03 9.680382575229e-05 2.229061002187e-22 1.732637667021e-23 2.507209574189e-23 4.434570406399e-08 6.932128659104e-08 1.627217311790e-11 4.694234560426e-11 1.832509707390e-10 1.053839593887e-11 5.061594265958e-11 1.153415856747e-09 3.552568628091e-16 6.026605796315e-21 8.534279992754e-16 2.130785655840e-09 1.072152876123e-15 1.025047792454e-08 4.867613703280e-10 4.963479224603e-12 7.777886742964e-10 3.399825319890e-09 0.000000000000e+00 0.000000000000e+00 7.452196991294e-01 
1.762854808894e-04 1.240101607775e+03 1.242651379125e+05 2.114725845342e+01 2.548660280120e-01 2.183620894614e+10 2.240242082612e-02 1.833842308989e-01 4.288383914612e-02 2.848321831311e-06 2.594252127354e-03 1.174130766124e-03 2.244995948571e-03 9.341675067102e-05 1.197248661042e-21 1.008589458212e-22 4.660002534268e-23 7.655925532898e-08 1.162172324605e-07 2.648055037520e-11 7.751599955433e-11 2.612237429431e-10 1.833418739395e-11 8.495183176283e-11 1.492270070753e-09 8.799743202849e-16 1.364689462469e-20 1.400620242922e-15 3.402730865003e-09 1.747576947929e-15 1.421601208718e-08 6.679655832778e-10 5.502328330049e-12 1.142373011825e-09 4.339998310695e-09 0.000000000000e+00 0.000000000000e+00 7.452196474353e-01 
1.772599522288e-04 1.328685367407e+03 1.325916412567e+05 2.123499262247e+01 2.548660280120e-01 3.693365572554e+10 1.947371988054e-02 1.622525750222e-01 6.283071960491e-02 4.475776604204e-06 4.507552174486e-03 1.775672746637e-03 3.849677563401e-03 8.563300310404e-05 1.199481076361e-21 1.249325396195e-22 2.734774814022e-24 1.816182002374e-07 2.596483421698e-07 5.963013246566e-11 1.706425304276e-10 4.406333141968e-10 4.384003830096e-11 1.865066725340e-10 1.947284357238e-09 3.996070460737e-15 5.527091918616e-20 3.156312964687e-15 6.744985691336e-09 3.915668699331e-15 2.328584275869e-08 1.009834368965e-09 5.967724964779e-12 2.056242881799e-09 5.878241387964e-09 0.000000000000e+00 0.000000000000e+00 7.452194918647e-01 
1.780858285299e-04 1.452968743793e+03 1.441246465034e+05 2.136309272201e+01 2.548660280120e-01 6.135119003097e+10 1.522515230558e-02 1.305429550281e-01 9.180342512708e-02 7.058450931831e-06 7.859507890502e-03 2.616088059770e-03 6.653117373278e-03 7.247639898741e-05 1.240277363532e-21 1.670178217929e-22 9.747429396646e-24 4.359831065523e-07 5.582158308752e-07 1.409084069182e-10 3.497079885151e-10 6.872136805105e-10 9.923267411874e-11 3.871135263388e-10 1.837759920302e-09 2.026911520531e-14 2.674334332984e-19 6.955098632633e-15 1.218842292616e-08 9.047809039825e-15 3.576563850652e-08 1.266587773175e-09 5.540863172065e-12 3.525609331494e-09 6.601821580294e-09 0.000000000000e+00 0.000000000000e+00 7.452191630439e-01 
1.786937652516e-04 1.588822875436e+03 1.565004593084e+05 2.151324763117e+01 2.548660280120e-01 8.437207063772e+10 1.098820942295e-02 9.728878937486e-02 1.212046652028e-01 9.753300988988e-06 1.174723856704e-02 3.357272118788e-03 1.012679168253e-02 5.669556862296e-05 1.301366974561e-21 2.550488140369e-22 1.249425886387e-23 8.744337401623e-07 9.187217216582e-07 2.806327466973e-10 5.196036543402e-10 8.917334738949e-10 1.614158750866e-10 6.289517971707e-10 1.029478854333e-09 7.592773726618e-14 1.073720324239e-18 1.128108084906e-14 1.723761277183e-08 1.720126050246e-14 4.509769642565e-08 1.155715788657e-09 4.465540172941e-12 5.007298401899e-09 5.482673223009e-09 0.000000000000e+00 0.000000000000e+00 7.452187148413e-01 
1.789575868478e-04 1.658972774941e+03 1.627826010548e+05 2.159620214924e+01 2.548660280120e-01 9.178088616698e+10 9.193417101028e-03 8.241346625508e-02 1.340336056256e-01 1.099512937201e-05 1.347860521580e-02 3.605901423606e-03 1.199413969248e-02 4.907536455072e-05 6.228554730858e-24 7.575684212283e-23 1.939226611013e-23 1.171757773270e-06 1.058391735912e-06 3.722462197298e-10 5.651643790890e-10 9.750379731669e-10 1.792200365311e-10 7.388818394543e-10 6.075792363343e-10 1.310883678268e-13 2.001450154264e-18 1.251473573190e-14 1.891738839088e-08 2.201852519609e-14 4.757569443802e-08 9.880549631667e-10 3.920690252666e-12 5.640664571823e-09 4.459264926816e-09 0.000000000000e+00 0.000000000000e+00 7.452184837524e-01 
1.795428363644e-04 1.822752768714e+03 1.771282623542e+05 2.180650237608e+01 2.548660280120e-01 9.449906755440e+10 6.500496427418e-03 5.765805481628e-02 1.547464360773e-01 1.333357256314e-05 1.573658483596e-02 3.722068595104e-03 1.636594301147e-02 3.578379839451e-05 0.000000000000e+00 5.637594746388e-23 0.000000000000e+00 2.074859182129e-06 1.121589818719e-06 6.264255230811e-10 5.523775778621e-10 1.187136253264e-09 1.584419423205e-10 9.022304801254e-10 1.058225173823e-10 3.582653658272e-13 7.033172982444e-18 1.022069727673e-14 2.017890683106e-08 3.263133181444e-14 4.942324903977e-08 6.057822510098e-10 3.053112412115e-12 6.768179100999e-09 2.109266403841e-09 0.000000000000e+00 0.000000000000e+00 7.452180205280e-01 
1.799983795381e-04 1.942759440708e+03 1.873536061397e+05 2.197369438908e+01 2.548660280120e-01 8.670114676525e+10 5.775991980898e-03 4.845521843587e-02 1.622023687783e-01 1.384065141561e-05 1.562751400176e-02 3.442567785474e-03 1.923024481821e-02 3.053645175302e-05 5.454009987227e-23 6.096788919589e-23 4.547660753309e-24 2.957588304761e-06 9.768671003575e-07 8.449583949712e-10 4.739265217320e-10 1.400175647671e-09 1.097815398179e-10 9.140728789653e-10 3.574996598996e-11 6.187236888203e-13 1.529002541227e-17 8.779871920810e-15 2.052066259272e-08 3.822725133041e-14 5.002328938928e-08 4.787587118388e-10 2.760224453545e-12 7.321966441659e-09 9.753894700547e-10 0.000000000000e+00 0.000000000000e+00 7.452177002711e-01 
1.804035903738e-04 2.037929441811e+03 1.953102578208e+05 2.211109237421e+01 2.548660280120e-01 7.768270092860e+10 5.604932622028e-03 4.440244656151e-02 1.656868962687e-01 1.302021252881e-05 1.486594158095e-02 3.115282978270e-03 2.106133345122e-02 2.800076905406e-05 2.176751913701e-22 8.702871348081e-23 6.445048374303e-23 3.851440942847e-06 8.438877225481e-07 1.054688003301e-09 3.892487741765e-10 1.605712614082e-09 7.480074964193e-11 8.721194146723e-10 2.357023148667e-11 8.728680930262e-13 2.641685054068e-17 0.000000000000e+00 2.281912350371e-08 4.114156376459e-14 5.066997554095e-08 4.640687402820e-10 2.673041823929e-12 7.656101389766e-09 4.618145693405e-10 0.000000000000e+00 0.000000000000e+00 7.452173648639e-01 
1.811596091937e-04 2.186636865297e+03 2.075025442915e+05 2.233054631935e+01 2.548660280120e-01 6.246229602175e+10 5.496899200393e-03 3.998920149334e-02 1.702922710622e-01 1.026283652692e-05 1.319241388467e-02 2.582116512851e-03 2.318857103933e-02 2.505357184182e-05 3.341822390996e-22 1.465836819296e-22 0.000000000000e+00 5.949893942721e-06 6.937704994276e-07 1.561154036657e-09 2.463386073303e-10 2.022863811018e-09 7.662344077624e-11 8.112815166259e-10 2.019300406773e-11 1.393356408319e-12 5.710265768198e-17 3.196504535920e-15 3.555624992638e-08 4.477159904935e-14 5.148613835200e-08 5.423185023517e-10 2.820714611150e-12 8.202746925196e-09 1.140744021896e-10 0.000000000000e+00 0.000000000000e+00 7.452164669149e-01 
1.816143472378e-04 2.261011289726e+03 2.134944999954e+05 2.244203050050e+01 2.548660280120e-01 5.508515930483e+10 5.425323419211e-03 3.797429861218e-02 1.727677882085e-01 8.706548986648e-06 1.226999725756e-02 2.330132567736e-03 2.397589956632e-02 2.374763023099e-05 2.433903312732e-22 1.651444439262e-22 0.000000000000e+00 7.662028618397e-06 6.455979737658e-07 1.996242157302e-09 1.834356666002e-10 2.317988958822e-09 3.453383411523e-11 8.003623052382e-10 2.128195190874e-11 1.800221027102e-12 8.229517957615e-17 6.071417824099e-16 4.888945865040e-08 4.729794854458e-14 5.170971484410e-08 6.210070240266e-10 3.088689397767e-12 8.599920358073e-09 5.216984983094e-11 0.000000000000e+00 0.000000000000e+00 7.452156843459e-01 
1.827763427841e-04 2.413450002333e+03 2.255571337017e+05 2.267398462880e+01 2.548660280120e-01 4.099958063624e+10 5.204840356433e-03 3.389944888514e-02 1.784517296235e-01 5.865548007811e-06 1.030935597828e-02 1.852475179617e-03 2.502723689025e-02 2.128444034365e-05 3.377948041246e-22 2.067923334613e-22 3.951805654207e-24 1.455461256595e-05 5.897254544653e-07 3.881086892059e-09 9.072530493696e-11 3.401437394338e-09 2.137940695521e-11 9.121793030308e-10 2.902132450555e-11 3.549725949767e-12 1.759680241805e-16 1.760982573669e-15 9.972080503305e-08 5.801394871870e-14 5.220505896920e-08 9.187832469089e-10 4.518113299415e-12 1.028352685523e-08 9.292313699722e-12 0.000000000000e+00 0.000000000000e+00 7.452124482936e-01 
1.839339634188e-04 2.526851439936e+03 2.343412381051e+05 2.284952087763e+01 2.548660280120e-01 3.141858904317e+10 4.976053635183e-03 3.088114674315e-02 1.832401827107e-01 4.225563860858e-06 8.830818062435e-03 1.530356700938e-03 2.528356402846e-02 1.962633681106e-05 8.137243292709e-22 4.825289940269e-22 4.327530804967e-27 2.629436328151e-05 5.886567865615e-07 7.383307095043e-09 5.161647965495e-11 5.273565830577e-09 1.618709765474e-11 1.146408199332e-09 4.502461647601e-11 7.069466801717e-12 3.274378135584e-16 7.429901174392e-18 1.665585034823e-07 7.447081171648e-14 5.357428064627e-08 1.431498570644e-09 7.540493008059e-12 1.341633445730e-08 2.640162186554e-12 0.000000000000e+00 0.000000000000e+00 7.452068952987e-01 
1.862640761355e-04 2.682361792798e+03 2.461262059753e+05 2.309434269592e+01 2.548660280120e-01 1.919181856169e+10 4.571294804911e-03 2.670337181324e-02 1.906329269528e-01 2.601724868460e-06 6.838570752941e-03 1.134042969161e-03 2.484375311538e-02 1.755532294017e-05 5.377108663467e-22 6.046569022947e-22 0.000000000000e+00 6.719755337506e-05 6.757421377009e-07 2.105487629305e-08 2.508240173810e-11 1.269132851884e-08 1.270720075312e-11 1.814995964503e-09 1.172347022678e-10 2.379579606325e-11 8.942938849309e-16 8.254924102104e-18 3.127228788198e-07 1.174196752899e-13 6.133779422351e-08 3.520019732041e-09 2.225973606254e-11 2.461857776209e-08 4.099121144582e-13 0.000000000000e+00 0.000000000000e+00 7.451875723005e-01 
1.875571428284e-04 2.740554718436e+03 2.504589555796e+05 2.318718468445e+01 2.548660280120e-01 1.464430637168e+10 4.391453230982e-03 2.510723319128e-02 1.936628874795e-01 2.147932554061e-06 6.117662743580e-03 9.994196827801e-04 2.442937919736e-02 1.681169704932e-05 5.390626626988e-22 6.099282806427e-22 2.063969003395e-27 9.923574393335e-05 7.496001406840e-07 3.254255077627e-08 2.028624687179e-11 1.916347240781e-08 1.222692331417e-11 2.249108728922e-09 1.848916265994e-10 4.061601752964e-11 1.398492422545e-15 2.286856285662e-18 3.862372672736e-07 1.435682402275e-13 6.843155307746e-08 5.340471047152e-09 3.707615681574e-11 3.284106606559e-08 2.716279557348e-13 0.000000000000e+00 0.000000000000e+00 7.451724734142e-01 
1.912761424205e-04 2.839846248663e+03 2.577537365947e+05 2.334726251354e+01 2.548660280120e-01 6.407893579522e+09 4.046058232628e-03 2.229084914551e-02 1.991947774164e-01 1.524310853118e-06 4.934843813643e-03 7.872641232163e-04 2.339288965621e-02 1.550173792437e-05 5.221285425150e-22 6.365346949649e-22 1.831290426831e-27 2.176977751327e-04 9.551522574983e-07 7.638507164332e-08 1.553155508252e-11 4.463548209637e-08 1.212762664821e-11 3.664049502430e-09 4.449236788564e-10 1.182755448741e-10 3.721705418375e-15 5.816093215617e-17 5.394584134866e-07 2.229671401472e-13 9.203981137543e-08 1.177407201449e-08 1.009486284045e-10 5.682753142609e-08 1.097701627169e-13 0.000000000000e+00 0.000000000000e+00 7.451168141740e-01 
1.966560949111e-04 2.890499936163e+03 2.614237222350e+05 2.343009658199e+01 2.548660280120e-01 1.668961353474e+09 3.849995724116e-03 2.074676734308e-02 2.022136451638e-01 1.266118848228e-06 4.354370214572e-03 6.874404317988e-04 2.268575023013e-02 1.475321015946e-05 3.425427068722e-22 4.905382622636e-22 0.000000000000e+00 4.232203638478e-04 1.110207741268e-06 1.518393393229e-07 1.413772781895e-11 8.615474355751e-08 1.231866935552e-11 6.112958917610e-09 7.555815586174e-10 2.682381508696e-10 9.582275130671e-15 2.890574543966e-18 6.454431059027e-07 3.564777824653e-13 1.135031742226e-07 1.890267856121e-08 1.980033162804e-10 7.965311012967e-08 3.048683040075e-13 0.000000000000e+00 0.000000000000e+00 7.450205791500e-01 
1.999746817262e-04 2.900204203328e+03 2.621199358824e+05 2.344631704437e+01 2.548660280120e-01 6.883732918810e+08 3.811333041319e-03 2.041095305541e-02 2.028133610492e-01 1.219604108285e-06 4.240074435742e-03 6.686644663589e-04 2.252263987605e-02 1.458229163868e-05 4.518352275079e-22 5.886536877346e-22 1.624921860089e-27 5.565660004678e-04 1.144336180844e-06 2.001819639377e-07 1.406704444604e-11 1.103183537196e-07 1.236004546665e-11 7.800902837981e-09 8.673766730269e-10 3.636917132138e-10 1.478836991426e-14 1.203500885921e-17 6.794743441109e-07 4.500236787632e-13 1.187148830585e-07 2.143635882840e-08 2.457145088314e-10 8.781988783295e-08 7.235783710677e-14 0.000000000000e+00 0.000000000000e+00 7.449582358574e-01 
2.010167579153e-04 2.901846251946e+03 2.622369384269e+05 2.344912497704e+01 2.548660280120e-01 5.176963510324e+08 3.804875306840e-03 2.034685985265e-02 2.029165540646e-01 1.211478671985e-06 4.219556951090e-03 6.654336523932e-04 2.249128417566e-02 1.454863104056e-05 4.501318680404e-22 5.913300809608e-22 1.563070922142e-27 5.987388671161e-04 1.150211311504e-06 2.154111497707e-07 1.396602768609e-11 1.176468165647e-07 1.236537938884e-11 8.348152446699e-09 8.950096254468e-10 3.933448146355e-10 1.668399026246e-14 1.258922946589e-17 6.880265953109e-07 4.805778169139e-13 1.196467894407e-07 2.206350695454e-08 2.591976842068e-10 8.989111263072e-08 6.869294191692e-14 0.000000000000e+00 0.000000000000e+00 7.449385254644e-01 
2.059099852383e-04 2.905455312276e+03 2.624902737840e+05 2.345562949694e+01 2.548660280120e-01 1.265170363971e+08 3.791395967030e-03 2.016782782361e-02 2.031503539326e-01 1.191855392927e-06 4.167651604164e-03 6.579410668462e-04 2.240372251739e-02 1.445011945861e-05 4.478202734537e-22 5.949620430476e-22 1.556200419151e-27 7.970042912125e-04 1.163093175436e-06 2.867472622676e-07 1.391175153348e-11 1.508749013062e-07 1.236766816753e-11 1.097665374927e-08 9.946569327323e-10 5.301800554258e-10 2.726777741369e-14 1.528244956440e-17 7.216914937037e-07 6.281290629423e-13 1.217967461941e-07 2.437230863876e-08 3.163151444126e-10 9.797567123253e-08 6.690053672596e-14 0.000000000000e+00 0.000000000000e+00 7.448458826902e-01 
2.193730129129e-04 2.906142476339e+03 2.625209132093e+05 2.345843873768e+01 2.548660280120e-01 -1.432990972062e+07 3.792538797501e-03 1.995413560875e-02 2.032253706353e-01 1.179114934312e-06 4.124864802459e-03 6.545388930215e-04 2.230020320482e-02 1.431624735520e-05 4.476307773770e-22 5.952597790515e-22 1.554961558488e-27 1.335642189516e-03 1.164939395856e-06 4.791450148063e-07 1.390759489622e-11 2.376871935194e-07 1.232416822986e-11 1.828214261545e-08 1.197606833298e-09 8.926779163142e-10 7.042799379001e-14 2.185291368793e-17 7.978219333608e-07 1.038310568421e-12 1.225036612015e-07 2.918004955615e-08 4.552451209249e-10 1.160234019544e-07 6.653133692519e-14 0.000000000000e+00 0.000000000000e+00 7.445942436150e-01 
2.569875823307e-04 2.904315472994e+03 2.623393250328e+05 2.345991857664e+01 2.548660280120e-01 -1.675964347764e+07 3.810901376658e-03 1.950069248145e-02 2.031982757142e-01 1.161420705132e-06 4.050910322568e-03 6.522575327913e-04 2.207999902549e-02 1.401733974720e-05 4.485380281563e-22 5.938343166265e-22 1.555031542632e-27 2.758093918077e-03 1.160017726333e-06 9.798092445681e-07 1.392704058489e-11 4.652754376478e-07 1.221886317097e-11 3.754546337639e-08 1.709037370391e-09 1.837246597405e-09 2.860444588539e-13 4.253495959308e-17 9.855627717189e-07 2.095218391189e-12 1.223862604786e-07 4.120202122032e-08 8.145633885044e-10 1.614506784214e-07 6.670795045998e-14 0.000000000000e+00 0.000000000000e+00 7.439297344936e-01 
3.863840993353e-04 2.899156392053e+03 2.618326243464e+05 2.346356473388e+01 2.548660280120e-01 -1.132925948686e+07 3.862984367157e-03 1.829316952650e-02 2.031052978301e-01 1.113892947406e-06 3.853023305218e-03 6.461623953466e-04 2.147953345704e-02 1.321848459993e-05 4.511171751412e-22 5.897819890799e-22 1.555381936493e-27 6.607376681094e-03 1.173554559787e-06 2.281752749118e-06 1.413511548341e-11 1.083500827340e-06 1.215781863672e-11 8.859494526991e-08 3.142646341983e-09 4.337871967585e-09 1.644211272388e-12 1.368468527450e-16 1.442071530335e-06 4.703159343119e-12 1.228274749025e-07 7.359364721842e-08 1.793724375774e-09 2.804400649277e-07 6.847134993396e-14 0.000000000000e+00 0.000000000000e+00 7.421315656815e-01 
6.309208216282e-04 2.894154703028e+03 2.613459228883e+05 2.346670540789e+01 2.548660280120e-01 -4.066155545269e+06 3.914598592654e-03 1.718402361566e-02 2.029989645469e-01 1.069245906908e-06 3.669141705290e-03 6.402967320186e-04 2.090832510699e-02 1.248137188313e-05 4.536575980401e-22 5.857905042807e-22 1.555801964162e-27 1.021661009982e-02 1.222034469543e-06 3.431208299458e-06 1.448201861989e-11 1.667019910794e-06 1.239192114894e-11 1.349709162873e-07 4.565350954250e-09 6.606813461441e-09 4.460766869150e-12 2.771068781427e-16 1.809028692025e-06 6.822685197645e-12 1.242750721198e-07 1.039403462503e-07 2.723630597710e-09 3.873244507861e-07 7.101533992813e-14 0.000000000000e+00 0.000000000000e+00 7.404455965110e-01 
1.005802923738e-03 2.892148719543e+03 2.611519750909e+05 2.346785603490e+01 2.548660280120e-01 -5.938610573098e+05 3.935596244520e-03 1.675607907125e-02 2.029518679484e-01 1.051747293721e-06 3.597602391669e-03 6.379568672524e-04 2.068241106883e-02 1.219603116381e-05 4.546862484376e-22 5.841742999542e-22 1.555986295217e-27 1.163014203678e-02 1.250517266509e-06 3.862162721331e-06 1.465704664291e-11 1.896734171219e-06 1.255987291763e-11 1.527241039415e-07 5.146582906544e-09 7.474631152189e-09 6.792545165777e-12 3.466556708012e-16 1.937972664832e-06 7.569179629762e-12 1.251048842825e-07 1.158502380059e-07 3.091565507154e-09 4.280361270274e-07 7.224262264562e-14 0.000000000000e+00 0.000000000000e+00 7.397853130005e-01 
1.555821647260e-03 2.891797851908e+03 2.611181251098e+05 2.346805085870e+01 2.548660280120e-01 -5.536440883910e+04 3.939280639522e-03 1.668216563009e-02 2.029433915867e-01 1.048711828018e-06 3.585216590636e-03 6.375498530230e-04 2.064311179253e-02 1.214669179886e-05 4.548666321247e-22 5.838908830624e-22 1.556020471414e-27 1.187540326691e-02 1.255902125894e-06 3.935962077643e-06 1.468920070666e-11 1.936640532847e-06 1.259258144719e-11 1.557845265509e-07 5.248627774974e-09 7.624118861168e-09 7.672534189162e-12 3.593721735509e-16 1.959864046034e-06 7.694217524979e-12 1.252604141284e-07 1.179189592329e-07 3.155568326367e-09 4.350557037678e-07 7.246656763918e-14 0.000000000000e+00 0.000000000000e+00 7.396707480419e-01 
2.448665039152e-03 2.891773888965e+03 2.611158093852e+05 2.346806451661e+01 2.548660280120e-01 -4.219903656608e+03 3.939534226986e-03 1.667708854785e-02 2.029428147161e-01 1.048502559671e-06 3.584364484577e-03 6.375212714190e-04 2.064040415443e-02 1.214330493235e-05 4.548789385803e-22 5.838715472939e-22 1.556022181044e-27 1.189225816398e-02 1.256275398283e-06 3.941014496522e-06 1.469142731507e-11 1.939392853645e-06 1.259482251139e-11 1.559939857775e-07 5.255715968209e-09 7.634375216797e-09 7.810777342222e-12 3.602589310655e-16 1.961369160961e-06 7.702888192282e-12 1.252712666975e-07 1.180623496015e-07 3.159997631847e-09 4.355399138161e-07 7.248201604031e-14 0.000000000000e+00 0.000000000000e+00 7.396628748791e-01 
6.537840379551e-03 2.891773758185e+03 2.611157975424e+05 2.346806451965e+01 2.548660280120e-01 1.824279205653e+00 3.939535745754e-03 1.667707262524e-02 2.029428089895e-01 1.048501745336e-06 3.584361341737e-03 6.375211363475e-04 2.064039161424e-02 1.214329326946e-05 4.548790111689e-22 5.838714332434e-22 1.556022201701e-27 1.189232557995e-02 1.256277763085e-06 3.941023785017e-06 1.469143751540e-11 1.939405944462e-06 1.259483176236e-11 1.559945457037e-07 5.255765479010e-09 7.634405000203e-09 7.815967234501e-12 3.602621398702e-16 1.961395498758e-06 7.702887185833e-12 1.252712801907e-07 1.180633669944e-07 3.160022716412e-09 4.355433382296e-07 7.248211779932e-14 0.000000000000e+00 0.000000000000e+00 7.396628433679e-01 
</profiles>
<profiles-size> 
42 34
</profiles-size> 
</opensmoke>
