<NumberOfElements>
5
</NumberOfElements>
<NamesOfElements>
C H O N PT 
</NamesOfElements>
<AtomicComposition>
0. 0. 2.0000000000e+00 0. 0. 
0. 0. 1.0000000000e+00 0. 0. 
1.0000000000e+00 4.0000000000e+00 0. 0. 0. 
0. 2.0000000000e+00 0. 0. 0. 
0. 1.0000000000e+00 0. 0. 0. 
0. 1.0000000000e+00 1.0000000000e+00 0. 0. 
0. 2.0000000000e+00 1.0000000000e+00 0. 0. 
1.0000000000e+00 0. 2.0000000000e+00 0. 0. 
1.0000000000e+00 0. 1.0000000000e+00 0. 0. 
0. 0. 0. 2.0000000000e+00 0. 
0. 0. 0. 0. 1.0000000000e+00 
0. 1.0000000000e+00 0. 0. 1.0000000000e+00 
0. 2.0000000000e+00 1.0000000000e+00 0. 1.0000000000e+00 
0. 1.0000000000e+00 1.0000000000e+00 0. 1.0000000000e+00 
1.0000000000e+00 0. 1.0000000000e+00 0. 1.0000000000e+00 
1.0000000000e+00 0. 2.0000000000e+00 0. 1.0000000000e+00 
1.0000000000e+00 3.0000000000e+00 0. 0. 1.0000000000e+00 
1.0000000000e+00 2.0000000000e+00 0. 0. 1.0000000000e+00 
1.0000000000e+00 1.0000000000e+00 0. 0. 1.0000000000e+00 
1.0000000000e+00 0. 0. 0. 1.0000000000e+00 
0. 0. 1.0000000000e+00 0. 1.0000000000e+00 
</AtomicComposition>
<NumberOfSpecies>
21
</NumberOfSpecies>
<NamesOfSpecies>
O2 O CH4 H2 H OH H2O CO2 CO N2 _Pt_ H_Pt H2O_Pt OH_Pt CO_Pt CO2_Pt CH3_Pt CH2_Pt CH_Pt C_Pt 
O_Pt 
</NamesOfSpecies>
<Thermodynamics type="NASA">
<NASA-coefficients>
3.697578000000000031e+00 6.135197000000000003e-04 -1.258842000000000017e-07 1.775281000000000016e-11 -1.136435400000000023e-15 -1.233930100000000039e+03 3.189165000000000028e+00 3.212936000000000014e+00 1.127486399999999946e-03 -5.756150000000000361e-07 1.313877299999999983e-09 -8.768554000000000322e-13 -1.005249000000000024e+03 6.034736999999999796e+00 3.000000000000000000e+02 5.000000000000000000e+03 1.000000000000000000e+03 3.199799919128417969e+01
2.542059000000000069e+00 -2.755061000000000082e-05 -3.102802999999999796e-09 4.551067000000000201e-12 -4.368050999999999869e-16 2.923079999999999927e+04 4.920308000000000348e+00 2.946428000000000047e+00 -1.638166500000000098e-03 2.421030999999999995e-06 -1.602843099999999974e-09 3.890695999999999985e-13 2.914763999999999942e+04 2.963995000000000157e+00 3.000000000000000000e+02 5.000000000000000000e+03 1.000000000000000000e+03 1.599899959564208984e+01
1.683478830000000093e+00 1.023723560000000012e-02 -3.875128640000000094e-06 6.785584870000000448e-10 -4.503423120000000029e-14 -1.008078709999999955e+04 9.623394969999999660e+00 7.787414790000000142e-01 1.747668349999999954e-02 -2.783409040000000078e-05 3.049708039999999755e-08 -1.223930680000000005e-11 -9.825228520000000572e+03 1.372219469999999930e+01 3.000000000000000000e+02 5.000000000000000000e+03 1.000000000000000000e+03 1.604299974441528320e+01
2.991423000000000165e+00 7.000644000000000528e-04 -5.633828000000000121e-08 -9.231577999999999784e-12 1.582751899999999985e-15 -8.350339999999999918e+02 -1.355110100000000095e+00 3.298124000000000056e+00 8.249441000000000152e-04 -8.143015000000000208e-07 -9.475433999999999386e-11 4.134871999999999872e-13 -1.012520899999999983e+03 -3.294093999999999856e+00 3.000000000000000000e+02 5.000000000000000000e+03 1.000000000000000000e+03 2.016000032424925870e+00
2.500000000000000000e+00 0.000000000000000000e+00 0.000000000000000000e+00 0.000000000000000000e+00 0.000000000000000000e+00 2.547161999999999898e+04 -4.601176000000000155e-01 2.500000000000000000e+00 0.000000000000000000e+00 0.000000000000000000e+00 0.000000000000000000e+00 0.000000000000000000e+00 2.547161999999999898e+04 -4.601176000000000155e-01 3.000000000000000000e+02 5.000000000000000000e+03 1.000000000000000000e+03 1.008000016212462935e+00
2.882730000000000015e+00 1.013974300000000054e-03 -2.276876999999999908e-07 2.174683000000000135e-11 -5.126305000000000180e-16 3.886887999999999920e+03 5.595711999999999797e+00 3.637265999999999888e+00 1.850909999999999936e-04 -1.676164600000000059e-06 2.387202000000000004e-09 -8.431441999999999810e-13 3.606780999999999949e+03 1.358860500000000027e+00 3.000000000000000000e+02 5.000000000000000000e+03 1.000000000000000000e+03 1.700699961185455322e+01
2.672144999999999992e+00 3.056292999999999857e-03 -8.730260000000000249e-07 1.200996400000000030e-10 -6.391617999999999881e-15 -2.989920999999999913e+04 6.862816999999999723e+00 3.386842000000000130e+00 3.474982000000000158e-03 -6.354696000000000220e-06 6.968580999999999844e-09 -2.506588000000000184e-12 -3.020811000000000058e+04 2.590231999999999868e+00 3.000000000000000000e+02 5.000000000000000000e+03 1.000000000000000000e+03 1.801499962806701660e+01
4.453622819999999649e+00 3.140168730000000158e-03 -1.278410540000000024e-06 2.393996670000000163e-10 -1.669033189999999964e-14 -4.896696089999999822e+04 -9.553958769999999490e-01 2.275724649999999905e+00 9.922072290000000239e-03 -1.040911320000000045e-05 6.866686780000000125e-09 -2.117280090000000013e-12 -4.837314059999999881e+04 1.018848799999999954e+01 3.000000000000000000e+02 5.000000000000000000e+03 1.000000000000000000e+03 4.400899887084960938e+01
3.025078059999999791e+00 1.442688520000000004e-03 -5.630827789999999531e-07 1.018581329999999992e-10 -6.910951559999999733e-15 -1.426834959999999955e+04 6.108217719999999851e+00 3.262451650000000036e+00 1.511940850000000102e-03 -3.881755219999999600e-06 5.581944239999999718e-09 -2.474951229999999812e-12 -1.431053909999999996e+04 4.848896980000000134e+00 3.000000000000000000e+02 5.000000000000000000e+03 1.000000000000000000e+03 2.800999927520751953e+01
2.926639999999999908e+00 1.487976999999999920e-03 -5.684760999999999535e-07 1.009703999999999996e-10 -6.753350999999999797e-15 -9.227976999999999634e+02 5.980527999999999622e+00 3.298677000000000081e+00 1.408240000000000056e-03 -3.963221999999999779e-06 5.641515000000000241e-09 -2.444855000000000087e-12 -1.020899999999999977e+03 3.950372000000000217e+00 3.000000000000000000e+02 5.000000000000000000e+03 1.000000000000000000e+03 2.801399993896480112e+01
0.000000000000000000e+00 0.000000000000000000e+00 0.000000000000000000e+00 0.000000000000000000e+00 0.000000000000000000e+00 0.000000000000000000e+00 0.000000000000000000e+00 0.000000000000000000e+00 0.000000000000000000e+00 0.000000000000000000e+00 0.000000000000000000e+00 0.000000000000000000e+00 0.000000000000000000e+00 0.000000000000000000e+00 3.000000000000000000e+02 3.000000000000000000e+03 1.000000000000000000e+03 1.950900000000000034e+02
1.069699600000000084e+00 1.543223000000000034e-03 -1.550092200000000124e-07 -1.657316499999999888e-10 3.835934699999999779e-14 -5.054612799999999879e+03 -7.155523800000000101e+00 -1.302987700000000082e+00 5.417319900000000174e-03 3.127797200000000156e-07 -3.232853299999999871e-09 1.136282000000000025e-12 -4.227707500000000437e+03 5.874323799999999984e+00 3.000000000000000000e+02 3.000000000000000000e+03 1.000000000000000000e+03 1.960980000162124668e+02
2.580305099999999907e+00 4.957082699999999613e-03 -4.689405599999999823e-07 -5.263313699999999830e-10 1.199832200000000107e-13 -3.830223399999999674e+04 -1.740632199999999941e+01 -2.765155299999999983e+00 1.331511500000000063e-02 1.012769499999999969e-06 -7.182008300000000385e-09 2.281377599999999946e-12 -3.639805500000000029e+04 1.209814500000000059e+01 3.000000000000000000e+02 3.000000000000000000e+03 1.000000000000000000e+03 2.131049996280670200e+02
1.824997299999999933e+00 3.250156499999999875e-03 -3.119754099999999911e-07 -3.460320600000000191e-10 7.917147200000000499e-14 -2.668549199999999837e+04 -1.228089100000000045e+01 -2.034088099999999955e+00 9.366268299999999311e-03 6.627521399999999563e-07 -5.207488700000000180e-09 1.708873499999999968e-12 -2.531994900000000052e+04 8.986318600000000600e+00 3.000000000000000000e+02 3.000000000000000000e+03 1.000000000000000000e+03 2.120969996118545566e+02
4.708377800000000057e+00 9.603729700000000541e-04 -1.180527899999999976e-07 -7.688382599999999564e-11 1.823200000000000122e-14 -3.231172300000000178e+04 -1.671959299999999971e+01 4.890746599999999944e+00 6.813423500000000479e-05 1.976881399999999948e-07 1.238866899999999925e-09 -9.033924899999999942e-13 -3.229783599999999933e+04 -1.745316100000000148e+01 3.000000000000000000e+02 3.000000000000000000e+03 1.000000000000000000e+03 2.230999992752075229e+02
4.689999999999999725e-01 6.265999999999999868e-03 0.000000000000000000e+00 0.000000000000000000e+00 0.000000000000000000e+00 -5.045869999999999709e+04 -4.554999999999999716e+00 4.689999999999999725e-01 6.266200000000000415e-03 0.000000000000000000e+00 0.000000000000000000e+00 0.000000000000000000e+00 -5.045869999999999709e+04 -4.554999999999999716e+00 3.000000000000000000e+02 3.000000000000000000e+03 1.000000000000000000e+03 2.390989988708496128e+02
3.001616499999999910e+00 5.408450500000000147e-03 -4.053805799999999807e-07 -5.342246600000000191e-10 1.145188699999999896e-13 -3.275272199999999884e+03 -1.096598400000000062e+01 1.291921700000000062e+00 7.267560299999999834e-03 9.817947599999999081e-07 -2.047129399999999956e-09 9.083271699999999950e-14 -2.574561000000000149e+03 -1.198303700000000083e+00 3.000000000000000000e+02 3.000000000000000000e+03 1.000000000000000000e+03 2.101249997282028232e+02
7.407612199999999980e-01 4.803253300000000052e-03 -3.282563299999999775e-07 -4.777978600000000253e-10 1.007345199999999975e-13 1.044375200000000041e+04 4.084208599999999967e-01 -1.487640399999999863e-01 5.139628900000000125e-03 1.121107500000000048e-06 -8.275545199999999738e-10 -4.457234500000000156e-13 1.087870000000000073e+04 5.745188200000000300e+00 3.000000000000000000e+02 3.000000000000000000e+03 1.000000000000000000e+03 2.091169997119903599e+02
-4.824247200000000325e-03 3.044623900000000081e-03 -1.606609900000000019e-07 -2.904169999999999909e-10 5.799992399999999374e-14 2.259521900000000096e+04 5.667781800000000203e+00 8.415748499999999854e-01 1.309538000000000065e-03 2.846457499999999864e-07 6.386290399999999588e-10 -4.276665800000000193e-13 2.233280099999999948e+04 1.145230500000000040e+00 3.000000000000000000e+02 3.000000000000000000e+03 1.000000000000000000e+03 2.081089996957778965e+02
1.579282400000000086e+00 3.652870100000000153e-04 -5.065767199999999741e-08 -3.488485499999999797e-11 8.808969900000000057e-15 9.953575199999999313e+03 -3.024049499999999835e+00 5.892401900000000525e-01 2.501284199999999954e-03 -3.422949799999999892e-07 -1.899434600000000148e-09 1.019040600000000011e-12 1.023692300000000068e+04 2.193701700000000088e+00 3.000000000000000000e+02 3.000000000000000000e+03 1.000000000000000000e+03 2.071009996795654331e+02
1.945418000000000092e+00 9.176164699999999697e-04 -1.122671899999999964e-07 -9.909962400000000166e-11 2.430769900000000032e-14 -1.400518699999999990e+04 -1.153166300000000000e+01 -9.498690400000000533e-01 7.404230500000000097e-03 -1.045142400000000024e-06 -6.112041999999999727e-09 3.378799200000000045e-12 -1.320991200000000026e+04 3.613790499999999906e+00 3.000000000000000000e+02 3.000000000000000000e+03 1.000000000000000000e+03 2.110889995956420933e+02
</NASA-coefficients>
</Thermodynamics>
<Transport type="none">
</Transport>
<NumberOfMaterials>
1
</NumberOfMaterials>
<NumberOfSiteSpecies>
11
</NumberOfSiteSpecies>
<NumberOfBulkSpecies>
0
</NumberOfBulkSpecies>
<SiteSpecies>
_Pt_
H_Pt
H2O_Pt
OH_Pt
CO_Pt
CO2_Pt
CH3_Pt
CH2_Pt
CH_Pt
C_Pt
O_Pt
</SiteSpecies>
<BulkSpecies>
</BulkSpecies>
<MaterialDescription index="1" name="CATALYST">
<NumberOfSites>
1
</NumberOfSites>
<NumberOfBulks>
0
</NumberOfBulks>
<Site index="1" name="PT_SURFACE">
2.720000000000000202e-08
11
_Pt_ 1.000000000000000000e+00 0
H_Pt 1.000000000000000000e+00 1
H2O_Pt 1.000000000000000000e+00 2
OH_Pt 1.000000000000000000e+00 3
CO_Pt 1.000000000000000000e+00 4
CO2_Pt 1.000000000000000000e+00 5
CH3_Pt 1.000000000000000000e+00 6
CH2_Pt 1.000000000000000000e+00 7
CH_Pt 1.000000000000000000e+00 8
C_Pt 1.000000000000000000e+00 9
O_Pt 1.000000000000000000e+00 10
</Site>
</MaterialDescription>
<Kinetics type="OpenSMOKE" version="01-02-2014">
<MaterialKinetics index="1" name="CATALYST">
<NumberOfSpecies>
21
</NumberOfSpecies>
<NumberOfReactions>
24
</NumberOfReactions>
<Irreversible>
21
1 2 3 4 5 6 7 8 9 10 11 15 16 17 18 19 20 21 22 23 24 
</Irreversible>
<Reversible>
3
12 13 14 
</Reversible>
<Reversible-Thermodynamics>
3
12 13 14 
</Reversible-Thermodynamics>
<Reversible-Explicit>
0
</Reversible-Explicit>
<CoverageDependent>
2
2 6 
</CoverageDependent>
<Langmuir>
0
</Langmuir>
<Lumped>
0
</Lumped>
<Stick>
5
3 5 7 8 10 
</Stick>
<ReactionsNeedingConversion>
0
</ReactionsNeedingConversion>
<TypeOfKinetics>
chemkin_conventional
</TypeOfKinetics>
<ConservationOfSites>
0
</ConservationOfSites>
<ThermodynamicReversibleReactions>
3
1 0.000000000000000000e+00 0.000000000000000000e+00
1 0.000000000000000000e+00 0.000000000000000000e+00
1 0.000000000000000000e+00 0.000000000000000000e+00
</ThermodynamicReversibleReactions>
<KineticParameters>
<Direct>
<lnA>
24
1.7612773454086735e+01
4.7360034679531090e+01
0.0000000000000000e+00
3.9731733245800896e+01
-3.7722610630529876e+00
4.7360034679531090e+01
0.0000000000000000e+00
-2.8768207245178090e-01
2.9933606208922594e+01
0.0000000000000000e+00
2.9933606208922594e+01
4.7360034679531090e+01
4.7360034679531090e+01
4.7360034679531090e+01
3.7322552306541034e+01
2.9933606208922594e+01
2.9933606208922594e+01
4.7360034679531090e+01
3.7683876899860749e+01
4.7360034679531090e+01
4.7360034679531090e+01
4.7360034679531090e+01
4.7360034679531090e+01
3.9143946580898778e+01

</lnA>
<Beta>
24
5.0000000000000000e-01
0.0000000000000000e+00
0.0000000000000000e+00
-5.0000000000000000e-01
0.0000000000000000e+00
0.0000000000000000e+00
0.0000000000000000e+00
0.0000000000000000e+00
0.0000000000000000e+00
0.0000000000000000e+00
0.0000000000000000e+00
0.0000000000000000e+00
0.0000000000000000e+00
0.0000000000000000e+00
5.0000000000000000e-01
0.0000000000000000e+00
0.0000000000000000e+00
0.0000000000000000e+00
5.0000000000000000e-01
0.0000000000000000e+00
0.0000000000000000e+00
0.0000000000000000e+00
0.0000000000000000e+00
0.0000000000000000e+00

</Beta>
<E_over_R>
24
0.0000000000000000e+00
8.1063572350639488e+03
0.0000000000000000e+00
0.0000000000000000e+00
0.0000000000000000e+00
2.5642067693110297e+04
0.0000000000000000e+00
0.0000000000000000e+00
4.8469762102830437e+03
0.0000000000000000e+00
2.3188511497334264e+04
1.3831321691874691e+03
2.0927391081619098e+03
5.7971278743335661e+03
0.0000000000000000e+00
1.5094181498524118e+04
2.4655834320298363e+03
1.2628598066494282e+04
0.0000000000000000e+00
2.4054472507608157e+03
2.4054472507608157e+03
2.4054472507608157e+03
7.5531043673889617e+03
2.2130114706999506e+04

</E_over_R>
<ForwardKineticOrder>
24
1.0000000000000000e+00
0.0000000000000000e+00
1.0000000000000000e+00
1.0000000000000000e+00
1.0000000000000000e+00
0.0000000000000000e+00
1.0000000000000000e+00
1.0000000000000000e+00
0.0000000000000000e+00
1.0000000000000000e+00
0.0000000000000000e+00
0.0000000000000000e+00
0.0000000000000000e+00
0.0000000000000000e+00
1.0000000000000000e+00
0.0000000000000000e+00
0.0000000000000000e+00
0.0000000000000000e+00
1.0000000000000000e+00
0.0000000000000000e+00
0.0000000000000000e+00
0.0000000000000000e+00
0.0000000000000000e+00
0.0000000000000000e+00

</ForwardKineticOrder>
</Direct>
<CoverageDependentParameters>
1
1 2 0.0000000000000000e+00 0.0000000000000000e+00 -6.0000000000000000e+06 
1
1 11 0.0000000000000000e+00 0.0000000000000000e+00 -6.0000000000000000e+07 
</CoverageDependentParameters>
<StickParameters>
0 1.0000000000000000e+00 5 1 1 1.0000000000000000e+00 
0 2.0000000000000000e+00 1 1 1 2.0000000000000000e+00 
0 1.0000000000000000e+00 2 1 1 1.0000000000000000e+00 
0 1.0000000000000000e+00 7 1 1 1.0000000000000000e+00 
0 1.0000000000000000e+00 6 1 1 1.0000000000000000e+00 
</StickParameters>
</KineticParameters>
<Stoichiometry type="OpenSMOKE" version="01-02-2014">
21
2 1 1 1 1 1 1 0 1 0 9 2 1 2 3 1 1 1 1 1 3 
21
0 0 0 0 0 0 0 0 0 0 4 1 0 1 0 0 0 0 0 0 1 
21
0 0 0 0 0 0 0 0 0 0 0 0 0 0 0 0 0 0 0 0 0 
21
0 0 0 0 0 0 0 0 0 0 0 0 0 0 0 0 0 0 0 0 0 
21
0 0 0 0 0 0 0 0 0 0 0 0 0 0 0 0 0 0 0 0 0 
21
1 0 0 1 0 1 1 1 1 0 8 5 3 2 2 1 1 1 1 2 3 
21
0 0 0 0 0 0 0 0 0 0 2 1 0 0 0 0 0 0 0 0 2 
21
0 0 0 0 0 0 0 0 0 0 0 0 0 0 0 0 0 0 0 0 0 
21
0 0 0 0 0 0 0 0 0 0 0 0 0 0 0 0 0 0 0 0 0 
21
0 0 0 0 0 0 0 0 0 0 0 0 0 0 0 0 0 0 0 0 0 
21
0 0 0 0 0 0 0 0 0 0 2 0 2 1 0 0 0 0 0 0 1 
21
0 0 0 0 0 0 0 0 0 0 0 0 0 0 0 0 0 0 0 0 0 
21
0 0 0 0 0 0 0 0 0 0 0 0 0 0 0 0 0 0 0 0 0 
21
0 0 0 0 0 0 0 0 0 0 0 0 0 0 0 0 0 0 0 0 0 
21
0 0 0 0 0 0 0 0 0 0 0 0 0 0 0 0 0 0 0 0 0 
34
4 5 7 19 1 3 10 8 15 3 7 8 10 15 20 21 22 24 12 13 9 11 13 16 18 24 17 20 21 22 23 12 18 23 
7
1 4 5 19 2 14 6 
0

0

0

0

35
6 2 11 9 17 16 9 11 12 13 16 17 18 23 3 19 20 21 22 8 13 14 10 12 15 23 18 19 20 21 22 24 7 14 24 
5
2 6 1 4 5 
0

0

0

0

6
12 13 13 14 12 14 
0

0

0

0

0

24
-1.0000000000000000e+00 1.0000000000000000e+00 -1.0000000000000000e+00 -1.0000000000000000e+00 -1.0000000000000000e+00 1.0000000000000000e+00 -1.0000000000000000e+00 -1.0000000000000000e+00 1.0000000000000000e+00 -1.0000000000000000e+00 1.0000000000000000e+00 0.0000000000000000e+00 0.0000000000000000e+00 0.0000000000000000e+00 -1.0000000000000000e+00 1.0000000000000000e+00 1.0000000000000000e+00 0.0000000000000000e+00 -1.0000000000000000e+00 0.0000000000000000e+00 0.0000000000000000e+00 0.0000000000000000e+00 0.0000000000000000e+00 0.0000000000000000e+00 
1
21
2 1 1 1 1 1 1 0 1 0 9 2 1 2 3 1 1 1 1 1 3 
21
0 0 0 0 0 0 0 0 0 0 3 1 0 1 0 0 0 0 0 0 1 
21
0 0 0 0 0 0 0 0 0 0 0 0 0 0 0 0 0 0 0 0 0 
21
0 0 0 0 0 0 0 0 0 0 0 0 0 0 0 0 0 0 0 0 0 
21
0 0 0 0 0 0 0 0 0 0 1 0 0 0 0 0 0 0 0 0 0 
21
0 0 0 0 0 0 0 0 0 0 2 0 2 1 0 0 0 0 0 0 1 
21
0 0 0 0 0 0 0 0 0 0 0 0 0 0 0 0 0 0 0 0 0 
21
0 0 0 0 0 0 0 0 0 0 0 0 0 0 0 0 0 0 0 0 0 
21
0 0 0 0 0 0 0 0 0 0 0 0 0 0 0 0 0 0 0 0 0 
21
0 0 0 0 0 0 0 0 0 0 0 0 0 0 0 0 0 0 0 0 0 
34
4 5 7 19 1 3 10 8 15 1 3 7 8 10 20 21 22 24 12 13 9 11 13 16 18 24 17 20 21 22 23 12 18 23 
6
4 5 15 2 14 6 
0

0

1
19 
1
2.2999999999999998e+00 
6
12 13 13 14 12 14 
0

0

0

0

0

0
</Stoichiometry>
</MaterialKinetics>
</Kinetics>
</opensmoke>
