0 0 0 0 0 0 0 0 0 0 0 0 0 0 0 0 0 0 0 0 0 0 0 0 0 0 0 0 0 0 0 0 0 0 0 0 0 0 0 0 0 0 0 0 0 0 0 0 0 0 0 0 0 0 0 0 0 0 0 0 0 0 0 0 0 0 0 0 0 0 0 0 0 
0 1000 101325 1 1000 101325 1 0.254866 20.9136 0.295775 0.147887 0 0 0 0 0 0 0 0 0 0 0 0 0 0 0 0 0 0 0 0 0 0 0 0 0 0 0 0 0 0.556338 0.0285116 0.226269 0 0 0 0 0 0 0 0 0 0 0 0 0 0 0 0 0 0 0 0 0 0 0 0 0 0 0 0 0 0.74522 
2.487e-05 1000 101325 1 1000 101325 1 0.254866 20.9136 0.295775 0.147887 6.68468e-09 1.16278e-11 3.03574e-10 3.32064e-09 1.47803e-10 4.1517e-09 0 0 0 0 0 0 0 0 0 0 0 0 0 0 0 0 0 0 0 0 0 0 0 0.556338 0.0285116 0.226269 5.75819e-09 1.89115e-11 2.32236e-10 1.60049e-10 1.20194e-10 6.55224e-09 0 0 0 0 0 0 0 0 0 0 0 0 0 0 0 0 0 0 0 0 0 0 0 0.74522 
4.53775e-05 1000 101325 1 1000 101325 1 0.254866 20.9136 0.295775 0.147887 4.38375e-08 7.61041e-11 1.79402e-09 1.95381e-08 8.72631e-10 2.44882e-08 0 0 0 0 0 0 0 0 0 0 0 0 0 0 0 0 0 0 0 0 0 0 0 0.556338 0.0285116 0.226269 3.77616e-08 1.23776e-10 1.37243e-09 9.41701e-10 7.09625e-10 3.86474e-08 0 0 0 0 0 0 0 0 0 0 0 0 0 0 0 0 0 0 0 0 0 0 0 0.74522 
6.08581e-05 1000 101325 1 1000 101325 1 0.254866 20.9136 0.295774 0.147887 1.63346e-07 2.8417e-10 6.49968e-09 7.07439e-08 3.16347e-09 8.86578e-08 0 0 0 0 0 0 0 0 0 0 0 0 0 0 0 0 0 0 0 0 0 0 0 0.556338 0.0285116 0.226268 1.40706e-07 4.62175e-10 4.97227e-09 3.40973e-09 2.57254e-09 1.3992e-07 0 0 0 0 0 0 0 0 0 0 0 0 0 0 0 0 0 0 0 0 0 0 0 0.74522 
7.44909e-05 1000 101325 1 1000 101325 1 0.254866 20.9136 0.295774 0.147887 5.03689e-07 8.82065e-10 1.98402e-08 2.15944e-07 9.67748e-09 2.70114e-07 0 0 0 0 0 0 0 0 0 0 0 0 0 0 0 0 0 0 0 0 0 0 0 0.556338 0.0285116 0.226268 4.33878e-07 1.43459e-09 1.51778e-08 1.04081e-08 7.86974e-09 4.26294e-07 0 0 0 0 0 0 0 0 0 0 0 0 0 0 0 0 0 0 0 0 0 0 0 0.74522 
8.42287e-05 1000 101325 1 1000.01 101326 1 0.254866 20.9137 0.295773 0.147886 1.12135e-06 1.98703e-09 4.39959e-08 4.78979e-07 2.15455e-08 5.96885e-07 0 0 0 0 0 0 0 0 0 0 0 0 0 0 0 0 0 0 0 0 0 0 0 0.556338 0.0285115 0.226267 9.65931e-07 3.2317e-09 3.3657e-08 2.30859e-08 1.75209e-08 9.42007e-07 0 0 0 0 0 0 0 0 0 0 0 0 0 0 0 0 0 0 0 0 0 0 0 0.74522 
9.46181e-05 1000 101325 1 1000.01 101326 1 0.254866 20.9137 0.295771 0.147885 2.63899e-06 4.80683e-09 1.03171e-07 1.12398e-06 5.10107e-08 1.38775e-06 0 0 0 0 0 0 0 0 0 0 0 0 0 0 0 0 0 0 0 0 0 0 0 0.556339 0.0285112 0.226264 2.27323e-06 7.81783e-09 7.89258e-08 5.41739e-08 4.14819e-08 2.19015e-06 0 0 0 0 0 0 0 0 0 0 0 0 0 0 0 0 0 0 0 0 0 0 0 0.74522 
0.000107614 1000 101325 1 1000.04 101329 1 0.254866 20.9137 0.295764 0.14788 7.80719e-06 1.54177e-08 3.03098e-07 3.30967e-06 1.54533e-07 3.96306e-06 0 0 0 0 0 0 0 0 0 0 0 0 0 0 0 0 0 0 0 0 0 0 0 0.55634 0.0285105 0.226256 6.72509e-06 2.50754e-08 2.3187e-07 1.5952e-07 1.25666e-07 6.2545e-06 0 0 0 0 0 0 0 0 0 0 0 0 0 0 0 0 1.1711e-12 0 0 0 0 0 0 0.74522 
0.000115412 1000 101325 1 1000.09 101333 1 0.254866 20.9138 0.295755 0.147873 1.525e-05 3.29584e-08 5.87232e-07 6.43184e-06 3.11474e-07 7.38739e-06 0 0 0 0 0 0 0 0 0 0 0 0 0 0 0 0 1.64021e-12 0 0 0 0 0 0 0.556342 0.0285095 0.226245 1.31362e-05 5.36032e-08 4.49231e-07 3.10001e-07 2.5329e-07 1.16587e-05 0 0 0 0 1.38915e-12 0 0 0 0 0 0 0 0 0 0 0 2.27611e-12 0 0 0 0 0 0 0.74522 
0.000122527 1000 101325 1 1000.16 101340 1 0.254866 20.9139 0.295737 0.147861 2.88028e-05 6.9787e-08 1.09509e-06 1.2053e-05 6.17437e-07 1.29077e-05 0 0 0 0 1.21663e-12 0 0 0 0 0 0 0 0 0 0 0 3.07436e-12 0 0 0 0 0 0 0.556346 0.0285076 0.226225 2.48104e-05 1.135e-07 8.37734e-07 5.80926e-07 5.02094e-07 2.03707e-05 0 0 0 0 2.56038e-12 0 0 0 0 0 0 0 0 0 0 0 4.26625e-12 0 0 0 0 0 0 0.74522 
0.000130568 1000 101325 1 1000.36 101359 1 0.254866 20.9142 0.295696 0.147835 6.21309e-05 1.74079e-07 2.30608e-06 2.56208e-05 1.45178e-06 2.36472e-05 0 0 0 0 2.51021e-12 0 0 0 0 0 0 0 0 0 0 0 6.53876e-12 0 0 0 0 0 0 0.556354 0.0285032 0.226182 5.3518e-05 2.83114e-07 1.76411e-06 1.23484e-06 1.18055e-06 3.73191e-05 0 0 0 0 5.28262e-12 0 0 0 0 0 0 0 0 0 0 0 9.07362e-12 0 0 0 0 0 0 0.74522 
0.000137001 1000 101325 1 1000.72 101393 1 0.254866 20.9147 0.295623 0.147793 0.00012205 3.71405e-07 4.40188e-06 4.9457e-05 3.1322e-06 3.68086e-05 0 0 0 0 4.70233e-12 0 0 0 0 0 0 0 0 0 0 0 1.26356e-11 0 0 0 0 0 0 0.556367 0.0284955 0.226113 0.000105128 6.04023e-07 3.36728e-06 2.38361e-06 2.54697e-06 5.80885e-05 0 0 0 0 9.89558e-12 0 0 0 0 0 0 0 0 0 0 0 1.75335e-11 0 0 0 0 0 0 0.74522 
0.000141022 1000 101325 1 1001.16 101434 1 0.254866 20.9153 0.29554 0.147749 0.000192953 5.89901e-07 6.81142e-06 7.71617e-05 5.27799e-06 4.67858e-05 0 0 0 0 7.22975e-12 0 0 0 0 0 0 0 0 0 0 0 1.97395e-11 0 0 0 0 0 0 0.556382 0.0284867 0.226039 0.000166197 9.59342e-07 5.21035e-06 3.71877e-06 4.29173e-06 7.38319e-05 0 0 0 0 1.52139e-11 0 0 0 0 0 0 0 0 0 0 0 2.73906e-11 0 0 0 0 0 0 0.74522 
0.00014661 1000 101325 1 1002.35 101549 1 0.254866 20.9166 0.295321 0.147643 0.000383453 1.0577e-06 1.31508e-05 0.000150496 1.1336e-05 6.02284e-05 0 0 0 1.72114e-12 1.42387e-11 0 0 0 0 0 0 0 0 0 0 0 3.86393e-11 0 0 0 0 0 0 0.556416 0.0284639 0.225863 0.00033026 1.72e-06 1.0059e-05 7.25259e-06 9.21712e-06 9.50394e-05 0 0 0 2.46907e-12 2.99613e-11 0 0 0 0 0 0 0 0 0 0 0 5.36125e-11 0 0 0 1.113e-12 0 0 0.74522 
0.000152198 1000 101325 1 1004.96 101801 1 0.254866 20.9192 0.294851 0.147431 0.000799308 1.66229e-06 2.69832e-05 0.000309544 2.46726e-05 6.82143e-05 0 0 0 6.94901e-12 3.23792e-11 0 0 0 0 0 0 0 0 0 0 0 8.01118e-11 0 0 2.55912e-12 2.7363e-12 0 0 0.556487 0.028415 0.225511 0.000688339 2.70282e-06 2.06367e-05 1.49155e-05 2.00584e-05 0.000107627 0 0 0 9.96748e-12 6.81241e-11 0 0 0 0 0 0 0 0 0 0 0 1.11142e-10 0 0 1.83683e-12 4.05986e-12 0 0 0.74522 
0.000157786 1000 101325 1 1010.67 102352 1 0.254866 20.9248 0.293823 0.146981 0.00171421 2.16765e-06 5.84344e-05 0.000662934 5.38375e-05 6.98461e-05 0 0 0 3.24525e-11 9.03725e-11 0 1.53408e-12 0 0 0 0 0 0 0 2.50777e-12 0 1.74562e-10 2.07149e-12 0 9.08767e-12 2.80805e-11 0 0 0.556635 0.0283084 0.224762 0.00147583 3.52359e-06 4.46786e-05 3.19352e-05 4.37574e-05 0.000110173 0 0 0 4.65367e-11 1.90088e-10 0 2.20162e-12 1.47348e-12 0 0 0 0 0 0 1.6787e-12 0 2.42112e-10 1.58623e-12 0 6.52104e-12 4.16521e-11 0 0 0.74522 
0.00016058 1000 101325 1 1015.73 102840 1 0.254866 20.9297 0.292894 0.146576 0.00253726 2.28017e-06 8.79792e-05 0.000986418 8.06293e-05 6.97504e-05 0 0 0 7.49607e-11 1.655e-10 0 0 0 0 0 4.07338e-12 0 0 0 6.75658e-12 0 2.63799e-10 2.05939e-12 0 1.7501e-11 2.19864e-10 0 0 0.556766 0.0282123 0.22409 0.00218392 3.70563e-06 6.72527e-05 4.75071e-05 6.55175e-05 0.000109996 0 0 0 1.07468e-10 3.4803e-10 0 0 1.25583e-12 0 0 3.3146e-12 0 0 0 4.52178e-12 0 3.65795e-10 1.57659e-12 0 1.25552e-11 3.2605e-10 0 0 0.74522 
0.000163374 1000 101325 1 1023.38 103577 1 0.254866 20.9371 0.291459 0.145951 0.0038021 2.23951e-06 0.000135631 0.00149373 0.000123223 6.94401e-05 0 0 0 1.80909e-10 3.25417e-10 0 1.41501e-11 6.61806e-12 0 0 1.67848e-11 0 0 0 1.90706e-11 0 4.08332e-10 2.84136e-11 0 3.284e-11 3.08722e-10 0 0 0.556963 0.0280641 0.223056 0.00327145 3.63825e-06 0.000103642 7.19142e-05 0.000100093 0.000109468 0 0 0 2.59269e-10 6.84077e-10 0 2.02954e-11 9.80329e-12 0 0 1.36533e-11 0 0 0 1.27583e-11 0 5.6601e-10 2.17447e-11 1.08773e-12 2.35511e-11 4.57662e-10 0 0 0.74522 
0.000164491 1000 101325 1 1027.48 103973 1 0.254866 20.9411 0.290673 0.145609 0.00449234 2.17104e-06 0.00016277 0.00177559 0.000147197 6.92599e-05 0 0 0 2.63171e-10 4.36115e-10 0 2.29879e-12 9.8643e-12 0 0 2.97819e-11 0 0 0 2.8886e-11 0 4.91152e-10 4.63496e-11 1.23184e-12 4.3061e-11 4.56193e-10 0 0 0.557069 0.027983 0.222491 0.00386462 3.52635e-06 0.000124356 8.54679e-05 0.000119544 0.000109163 0 0 0 3.77091e-10 9.16606e-10 0 3.29651e-12 1.46091e-11 0 0 2.42211e-11 0 0 0 1.93212e-11 0 6.80681e-10 3.54642e-11 1.88367e-12 3.08752e-11 6.76149e-10 0 0 0.74522 
0.000165609 1000 101325 1 1032.4 104447 1 0.254866 20.9459 0.289716 0.145193 0.00532836 2.07038e-06 0.0001967 0.00212153 0.000176934 6.90377e-05 0 0 0 3.87164e-10 5.9302e-10 0 1.0259e-12 1.24597e-11 0 0 5.17859e-11 0 0 0 4.4121e-11 0 5.95046e-10 6.32157e-11 1.65407e-12 5.67028e-11 4.61394e-10 0 0 0.557196 0.0278847 0.221805 0.00458278 3.36209e-06 0.000150245 0.000102097 0.000143661 0.000108788 0 0 0 5.54632e-10 1.2461e-09 0 1.47083e-12 1.84487e-11 0 0 4.21069e-11 0 0 0 2.95047e-11 0 8.24478e-10 4.83582e-11 2.52874e-12 4.06473e-11 6.83703e-10 0 0 0.74522 
0.000167808 1000 101325 1 1045.26 105685 1 0.254866 20.9583 0.287138 0.144073 0.00756729 1.78255e-06 0.0002932 0.00307117 0.000260329 6.84488e-05 0 0 0 8.43493e-10 1.14107e-09 0 4.93538e-12 1.62338e-11 0 0 1.22016e-10 0 0 0 1.00561e-10 0 8.92386e-10 8.74864e-11 1.80581e-12 9.38111e-11 4.92254e-10 0 0 0.557527 0.02762 0.219962 0.00650456 2.89296e-06 0.000223821 0.000147709 0.000211248 0.000107796 0 0 0 1.20763e-09 2.39627e-09 1.15146e-12 7.07163e-12 2.40226e-11 0 1.08473e-12 9.91518e-11 0 0 0 6.72076e-11 0 1.23573e-09 6.68848e-11 2.75908e-12 6.72083e-11 7.28998e-10 0 0 0.74522 
0.000170542 1000 101325 1 1070.65 108125 1 0.254866 20.9829 0.281718 0.14172 0.0122082 1.32375e-06 0.000518472 0.00513502 0.00045049 6.73066e-05 0 0 0 2.37546e-09 2.90964e-09 1.03078e-12 6.6028e-12 2.44667e-11 0 1.6114e-12 2.78378e-10 0 0 0 2.82833e-10 0 1.59308e-09 1.3127e-10 1.81981e-12 1.81963e-10 6.48894e-10 0 0 0.558181 0.027067 0.216117 0.0104814 2.14585e-06 0.000395323 0.000246682 0.00036513 0.000105873 0 0 0 3.39695e-09 6.10317e-09 2.25998e-12 9.4497e-12 3.61633e-11 1.10012e-12 3.61039e-12 2.25948e-10 0 0 0 1.88803e-10 0 2.20343e-09 1.0024e-10 2.77721e-12 1.3021e-10 9.59847e-10 0 0 0.74522 
0.000171704 1000 101325 1 1086.7 109665 1 0.254866 20.9984 0.278065 0.140134 0.0152953 1.14772e-06 0.000686289 0.00656854 0.000589644 6.66063e-05 0 0 0 3.86857e-09 4.58887e-09 1.43525e-12 1.6472e-11 3.02454e-11 0 2.74723e-12 3.91594e-10 0 0 0 4.55992e-10 0 2.11794e-09 1.69182e-10 1.9559e-12 2.53787e-10 8.52068e-10 0 0 0.558594 0.0266962 0.213539 0.0131221 1.85911e-06 0.000522893 0.000315314 0.000477563 0.000104694 0 0 0 5.52805e-09 9.61834e-09 3.14446e-12 2.35567e-11 4.46714e-11 1.56395e-12 6.15073e-12 3.17606e-10 0 0 0 3.04169e-10 0 2.92721e-09 1.29096e-10 2.9827e-12 1.81471e-10 1.25945e-09 0 0 0.74522 
0.000172045 1000 101325 1 1092.31 110202 1 0.254866 21.0038 0.276747 0.139561 0.0164017 1.10544e-06 0.00074979 0.00709253 0.000641929 6.63633e-05 0 0 0 4.50088e-09 5.29338e-09 1.60594e-12 5.73876e-12 3.5695e-11 0 3.23113e-12 4.33915e-10 0 0 0 5.29148e-10 0 2.31665e-09 1.90605e-10 2.0328e-12 2.80427e-10 9.15539e-10 0 0 0.558738 0.0265629 0.212612 0.0140677 1.79017e-06 0.000571128 0.000340379 0.000519775 0.000104285 0 0 0 6.42994e-09 1.10921e-08 3.51751e-12 8.20492e-12 5.27067e-11 1.76136e-12 7.23225e-12 3.51841e-10 0 0 0 3.52877e-10 0 3.20102e-09 1.45405e-10 3.09916e-12 2.00469e-10 1.35292e-09 0 0 0.74522 
0.000172729 1000 101325 1 1105.06 111424 1 0.254866 21.0162 0.273671 0.138224 0.0189721 1.04141e-06 0.000903923 0.00832841 0.000768202 6.58174e-05 0 0 0 6.18431e-09 7.14478e-09 2.02459e-12 8.01961e-12 4.36903e-11 1.06835e-12 4.51333e-12 5.38273e-10 0 0 0 7.1993e-10 0 2.79894e-09 2.33595e-10 2.22378e-12 3.49502e-10 1.04963e-09 0 0 0.559066 0.0262521 0.210451 0.0162628 1.68549e-06 0.00068813 0.000399456 0.000621655 0.000103366 0 0 0 8.82968e-09 1.49629e-08 4.43187e-12 1.14592e-11 6.44746e-11 2.28863e-12 1.00963e-11 4.36203e-10 0 0 0 4.79823e-10 0 3.86516e-09 1.78096e-10 3.38833e-12 2.49701e-10 1.55015e-09 0 0 0.74522 
0.000173738 1000 101325 1 1128.77 113690 1 0.254866 21.0391 0.267668 0.135609 0.0239415 1.01903e-06 0.00122716 0.0107819 0.00103093 6.48132e-05 0 0 0 1.03129e-08 1.16034e-08 2.98852e-12 1.24414e-11 6.01458e-11 1.6837e-12 7.63002e-12 7.51254e-10 0 0 0 1.1715e-09 0 3.80693e-09 3.20124e-10 2.50673e-12 4.9933e-10 1.33838e-09 0 0 0.559676 0.0256484 0.206245 0.0205002 1.64747e-06 0.000933183 0.00051657 0.000833355 0.000101679 0 0 0 1.47083e-08 2.42739e-08 6.53482e-12 1.77581e-11 8.86616e-11 3.6029e-12 1.70497e-11 6.08135e-10 0 0 0 7.79939e-10 0 5.2514e-09 2.438e-10 3.8153e-12 3.56357e-10 1.97445e-09 0 0 0.74522 
0.000174747 1000 101325 1 1160.96 116760 1 0.254866 21.0703 0.258939 0.131792 0.0310817 1.12959e-06 0.00174613 0.0144228 0.0014492 6.34451e-05 0 0 0 1.83853e-08 2.01106e-08 4.76196e-12 2.05133e-11 8.78244e-11 2.92098e-12 1.35885e-11 1.06773e-09 0 0 0 2.00049e-09 0 5.40706e-09 4.61375e-10 2.89109e-12 7.51144e-10 1.78599e-09 0 0 0.560504 0.0247753 0.200143 0.0265747 1.82351e-06 0.00132586 0.000689985 0.00116973 9.9385e-05 0 0 0 2.61823e-08 4.20083e-08 1.03973e-11 2.92362e-11 1.29271e-10 6.24128e-12 3.03194e-11 8.63042e-10 0 0 0 1.32988e-09 0 7.44765e-09 3.50855e-10 4.39379e-12 5.35277e-10 2.63089e-09 0 0 0.74522 
0.000175352 1000 101325 1 1186.42 119181 1 0.254866 21.0949 0.251598 0.128564 0.0370275 1.2925e-06 0.00222375 0.0175299 0.00183184 6.23398e-05 0 0 0 2.71493e-08 2.91356e-08 6.61861e-12 2.90835e-11 1.13763e-10 4.29746e-12 1.98773e-11 1.32835e-09 0 0 0 2.84033e-09 0 6.8527e-09 5.88929e-10 3.17177e-12 9.90703e-10 2.16336e-09 0 0 0.561161 0.0240447 0.195014 0.0316213 2.08405e-06 0.00168656 0.000837646 0.00147686 9.75393e-05 0 0 0 3.86178e-08 6.07892e-08 1.44342e-11 4.14022e-11 1.67256e-10 9.17168e-12 4.42994e-11 1.07245e-09 0 0 0 1.88598e-09 0 9.42781e-09 4.4733e-10 4.81473e-12 7.05165e-10 3.18305e-09 0 0 0.74522 
0.000175554 1000 101325 1 1196.3 120119 1 0.254866 21.1045 0.24865 0.127264 0.0394027 1.3687e-06 0.00242544 0.0187851 0.00199296 6.18978e-05 0 0 0 3.11904e-08 3.32401e-08 7.46479e-12 3.29903e-11 1.247e-10 4.94011e-12 2.2722e-11 1.4293e-09 0 0 0 3.21049e-09 0 7.45407e-09 6.41134e-10 3.27125e-12 1.09323e-09 2.31174e-09 0 0 0.561416 0.0237522 0.192953 0.0336345 2.20592e-06 0.00183868 0.00089722 0.00160601 9.68038e-05 0 0 0 4.43458e-08 6.93215e-08 1.62722e-11 4.69425e-11 1.83251e-10 1.05384e-11 5.06161e-11 1.15342e-09 0 0 0 2.13079e-09 0 1.02505e-08 4.86762e-10 4.96348e-12 7.7779e-10 3.39983e-09 0 0 0.74522 
0.000175781 1000 101325 1 1208.44 121269 1 0.254866 21.1164 0.244961 0.125631 0.0423681 1.47043e-06 0.0026856 0.0203611 0.00220044 6.13479e-05 0 0 0 3.66806e-08 3.87671e-08 8.60642e-12 3.82588e-11 1.38736e-10 5.81887e-12 2.65372e-11 1.55154e-09 0 0 0 3.69832e-09 0 8.22131e-09 7.06679e-10 3.38498e-12 1.22627e-09 2.49361e-09 0 0 0.561731 0.0233866 0.190371 0.0361455 2.36856e-06 0.00203477 0.000971947 0.00177222 9.58901e-05 0 0 0 5.21225e-08 8.08026e-08 1.87503e-11 5.44086e-11 2.03764e-10 1.24061e-11 5.9082e-11 1.25136e-09 0 0 0 2.45318e-09 0 1.12992e-08 5.36225e-10 5.13318e-12 8.71951e-10 3.66525e-09 0 0 0.74522 
0.000176285 1000 101325 1 1240.1 124265 1 0.254866 21.1473 0.234995 0.121197 0.0503401 1.77087e-06 0.00342905 0.0246326 0.00279153 5.9853e-05 0 0 0 5.39566e-08 5.58399e-08 1.21724e-11 5.45872e-11 1.78119e-10 8.61196e-12 3.82129e-11 1.85294e-09 0 0 0 5.13733e-09 0 1.03587e-08 8.81587e-10 3.63373e-12 1.60893e-09 2.95699e-09 0 0 0.562553 0.0224024 0.183384 0.0428839 2.84833e-06 0.00259426 0.00117413 0.002245 9.34167e-05 0 0 0 7.65595e-08 1.16218e-07 2.64806e-11 7.75162e-11 2.61224e-10 1.83342e-11 8.4952e-11 1.49227e-09 0 0 0 3.40274e-09 0 1.4216e-08 6.67967e-10 5.50233e-12 1.14237e-09 4.34e-09 0 0 0.74522 
0.000176893 1000 101325 1 1289.88 128955 1 0.254866 21.1963 0.218497 0.113775 0.0634589 2.32021e-06 0.00478214 0.0317081 0.00386172 5.72915e-05 0 0 0 9.07571e-08 9.08838e-08 1.9738e-11 8.81124e-11 2.4603e-10 1.45994e-11 6.17068e-11 2.23654e-09 0 0 0 7.83355e-09 0 1.40272e-08 1.15051e-09 3.88027e-12 2.30353e-09 3.61104e-09 0 0 0.563857 0.0207815 0.171755 0.0539345 3.72327e-06 0.00360957 0.00150789 0.00309848 8.9212e-05 0 0 0 1.28478e-07 1.88716e-07 4.28398e-11 1.24834e-10 3.59986e-10 3.10093e-11 1.36865e-10 1.79704e-09 0 0 0 5.17659e-09 0 1.92061e-08 8.69708e-10 5.86207e-12 1.63177e-09 5.28769e-09 0 0 0.74522 
0.00017726 1000 101325 1 1328.69 132592 1 0.254866 21.235 0.205121 0.107676 0.0740612 2.79424e-06 0.00598275 0.0374072 0.00480673 5.50935e-05 0 0 0 1.2853e-07 1.25273e-07 2.75242e-11 1.20666e-10 3.01698e-10 2.0678e-11 8.42422e-11 2.42796e-09 0 0 0 1.02256e-08 0 1.7038e-08 1.33832e-09 3.95742e-12 2.90805e-09 4.02167e-09 0 0 0.564886 0.0194737 0.162252 0.0628308 4.47578e-06 0.00450756 0.00177567 0.00384968 8.5633e-05 0 0 0 1.81619e-07 2.59649e-07 5.96303e-11 1.70643e-10 4.40634e-10 4.38402e-11 1.86507e-10 1.94728e-09 0 0 0 6.745e-09 0 2.32859e-08 1.00984e-09 5.96772e-12 2.05625e-09 5.87825e-09 0 0 0.74522 
0.000177627 1000 101325 1 1376.53 137053 1 0.254866 21.2835 0.188274 0.0998863 0.0874136 3.41334e-06 0.00761764 0.0444871 0.00608979 5.21336e-05 0 0 0 1.87101e-07 1.75735e-07 3.96704e-11 1.67169e-10 3.70476e-10 2.97881e-11 1.16552e-10 2.51192e-09 0 0 0 1.3398e-08 0 2.0769e-08 1.52521e-09 3.93399e-12 3.70408e-09 4.37406e-09 0 0 0.566176 0.0178335 0.150171 0.0739896 5.455e-06 0.00572626 0.00210694 0.00486617 8.08478e-05 0 0 0 2.63781e-07 3.63411e-07 8.5749e-11 2.35868e-10 5.39853e-10 6.30109e-11 2.57451e-10 2.01003e-09 0 0 0 8.81743e-09 0 2.83204e-08 1.14824e-09 5.91888e-12 2.61315e-09 6.37875e-09 0 0 0.745219 
0.000178086 1000 101325 1 1452.97 144125 1 0.254866 21.3631 0.161337 0.0871554 0.108865 4.43319e-06 0.0104946 0.0554443 0.00835724 4.69102e-05 0 0 0 3.10404e-07 2.70948e-07 6.54331e-11 2.4878e-10 4.73368e-10 4.70874e-11 1.75908e-10 2.30522e-09 0 0 0 1.85895e-08 0 2.63271e-08 1.68871e-09 3.69652e-12 5.01619e-09 4.54396e-09 0 0 0.568294 0.0152251 0.130543 0.0918036 7.05847e-06 0.00785953 0.00261609 0.00665313 7.24763e-05 0 0 0 4.35985e-07 5.58218e-07 1.40909e-10 3.49709e-10 6.87215e-10 9.9233e-11 3.87115e-10 1.83776e-09 0 0 0 1.21884e-08 0 3.57657e-08 1.26659e-09 5.54086e-12 3.52562e-09 6.60182e-09 0 0 0.745219 
0.000178499 1000 101325 1 1540.89 152164 1 0.254866 21.4588 0.131898 0.0727852 0.13266 5.57835e-06 0.0139666 0.0666077 0.0111954 4.04658e-05 0 0 0 5.00423e-07 3.89097e-07 1.05123e-10 3.35647e-10 5.72946e-10 6.76878e-11 2.49081e-10 1.69666e-09 0 0 0 2.40262e-08 0 3.14187e-08 1.65566e-09 3.25826e-12 6.4579e-09 4.18485e-09 0 0 0.57084 0.0123915 0.108533 0.11137 8.84214e-06 0.010413 0.00312881 0.00887281 6.22408e-05 0 0 0 6.99744e-07 7.98054e-07 2.25371e-10 4.69713e-10 8.28067e-10 1.4201e-10 5.45699e-10 1.34657e-09 0 0 0 1.56828e-08 0 4.24922e-08 1.23626e-09 4.86216e-12 4.51867e-09 6.05296e-09 0 0 0.745219 
0.000178694 1000 101325 1 1588.82 156500 1 0.254866 21.5132 0.117258 0.0654101 0.144741 6.1688e-06 0.0157961 0.0716527 0.0128101 3.6954e-05 0 0 0 6.26941e-07 4.49066e-07 1.31232e-10 3.7224e-10 6.18563e-10 7.71326e-11 2.8781e-10 1.30041e-09 0 0 0 2.64752e-08 0 3.34298e-08 1.55172e-09 3.00007e-12 7.17439e-09 3.80017e-09 0 0 0.572288 0.0109882 0.0972886 0.121205 9.75332e-06 0.0117473 0.00335728 0.0101268 5.66955e-05 0 0 0 8.74437e-07 9.18724e-07 2.80634e-10 5.19605e-10 8.91735e-10 1.61416e-10 6.28953e-10 1.02947e-09 0 0 0 1.72376e-08 0 4.50977e-08 1.15571e-09 4.46553e-12 5.00731e-09 5.48266e-09 0 0 0.745219 
0.000178774 1000 101325 1 1609.64 158373 1 0.254866 21.5374 0.111337 0.0623694 0.149702 6.41638e-06 0.0165494 0.0735453 0.0135218 3.54698e-05 0 0 0 6.87318e-07 4.72485e-07 1.43517e-10 3.84867e-10 6.37039e-10 8.04581e-11 3.03925e-10 1.13242e-09 0 0 0 2.73866e-08 0 3.41277e-08 1.49249e-09 2.88897e-12 7.46605e-09 3.60462e-09 0 0 0.572932 0.0104216 0.0926617 0.125218 1.01334e-05 0.0122937 0.00344209 0.0106774 5.43573e-05 0 0 0 9.57572e-07 9.65549e-07 3.06559e-10 5.36626e-10 9.17338e-10 1.68186e-10 6.63421e-10 8.95477e-10 0 0 0 1.78111e-08 0 4.59875e-08 1.11036e-09 4.29533e-12 5.20501e-09 5.19468e-09 0 0 0.745219 
0.000178958 1000 101325 1 1658.97 162783 1 0.254866 21.5962 0.0984833 0.0556227 0.160678 6.98105e-06 0.0181941 0.0772558 0.0152307 3.21105e-05 0 0 0 8.43352e-07 5.1933e-07 1.74745e-10 4.06441e-10 6.78956e-10 8.59705e-11 3.39418e-10 7.70435e-10 0 0 0 2.91671e-08 0 3.54026e-08 1.33172e-09 2.64418e-12 8.11303e-09 3.10274e-09 0 0 0.574495 0.00919339 0.0824133 0.134034 1.09951e-05 0.0134786 0.0036059 0.0119942 4.90753e-05 0 0 0 1.17176e-06 1.05839e-06 3.72248e-10 5.65165e-10 9.75039e-10 1.7922e-10 7.38883e-10 6.07574e-10 0 0 0 1.89174e-08 0 4.75757e-08 9.88052e-10 3.92068e-12 5.64067e-09 4.45925e-09 0 0 0.745219 
0.000179256 1000 101325 1 1742.4 170148 1 0.254866 21.7004 0.0812121 0.0460464 0.176233 7.85773e-06 0.0203359 0.0807021 0.0181682 2.72004e-05 0 0 0 1.15207e-06 5.62014e-07 2.33739e-10 4.16745e-10 7.51715e-10 8.63379e-11 3.8837e-10 3.37124e-10 0 0 0 3.09156e-08 0 3.65914e-08 1.04572e-09 2.30478e-12 9.06595e-09 2.22739e-09 0 0 0.577266 0.00754474 0.0678971 0.146303 1.23165e-05 0.014993 0.00374868 0.0142388 4.13715e-05 0 0 0 1.59301e-06 1.13988e-06 4.95528e-10 5.76711e-10 1.07434e-09 1.79122e-10 8.41388e-10 2.64583e-10 0 0 0 1.99552e-08 0 4.89372e-08 7.72132e-10 3.40103e-12 6.27294e-09 3.18583e-09 0 0 0.745218 
0.000179543 1000 101325 1 1822.75 177128 1 0.254866 21.8065 0.070314 0.0392937 0.187315 8.54821e-06 0.0214488 0.0805211 0.0209846 2.36417e-05 0 0 0 1.50788e-06 5.55698e-07 2.96928e-10 4.01113e-10 8.34698e-10 7.67433e-11 4.18491e-10 1.35494e-10 0 0 0 3.14151e-08 0 3.71356e-08 8.24438e-10 2.07912e-12 9.82953e-09 1.48191e-09 0 0 0.580089 0.00650049 0.057658 0.154747 1.33336e-05 0.0157366 0.00372207 0.016366 3.57837e-05 0 0 0 2.07486e-06 1.12159e-06 6.26427e-10 5.52377e-10 1.18714e-09 1.58442e-10 9.02231e-10 1.05822e-10 0 0 0 2.01789e-08 0 4.94232e-08 6.05781e-10 3.05311e-12 6.76818e-09 2.10926e-09 0 0 0.745218 
0.00017981 1000 101325 1 1894.75 183290 1 0.254866 21.9058 0.0648733 0.0351951 0.194316 8.90743e-06 0.0216592 0.0778166 0.0233777 2.14157e-05 0 0 0 1.88202e-06 5.19714e-07 3.58695e-10 3.72037e-10 9.23859e-10 5.90896e-11 4.28287e-10 6.57406e-11 0 0 0 3.16309e-08 0 3.7551e-08 7.01044e-10 1.93211e-12 1.0394e-08 9.58562e-10 0 0 0.582729 0.00597033 0.0514098 0.159803 1.38309e-05 0.0158189 0.00358075 0.0181498 3.22676e-05 0 0 0 2.57794e-06 1.04421e-06 7.53306e-10 5.10015e-10 1.30799e-09 1.21442e-10 9.19166e-10 5.11111e-11 0 0 0 2.02254e-08 0 4.97496e-08 5.12779e-10 2.82438e-12 7.12442e-09 1.35817e-09 0 0 0.745218 
0.000179998 1000 101325 1 1942.76 187354 1 0.254866 21.9737 0.0629562 0.0332752 0.197846 8.94132e-06 0.0214635 0.0750454 0.0248463 2.03296e-05 0 0 0 2.16588e-06 4.87704e-07 4.03585e-10 3.46783e-10 9.9204e-10 5.35817e-11 4.27234e-10 4.61247e-11 0 0 0 3.21921e-08 0 3.78746e-08 6.56561e-10 1.89408e-12 1.07153e-08 6.90529e-10 0 0 0.584536 0.00577599 0.0484551 0.162202 1.38406e-05 0.0156275 0.00344256 0.0192303 3.05364e-05 0 0 0 2.9576e-06 9.76864e-07 8.44962e-10 4.73925e-10 1.40018e-09 1.09781e-10 9.14072e-10 3.57495e-11 0 0 0 2.05207e-08 0 5.00233e-08 4.78758e-10 2.76022e-12 7.32197e-09 9.75376e-10 0 0 0.745218 
0.000180135 1000 101325 1 1976.16 190161 1 0.254866 22.0216 0.0621786 0.0322213 0.19994 8.85381e-06 0.0212069 0.0728184 0.0257939 1.97093e-05 0 0 0 2.38293e-06 4.6456e-07 4.37138e-10 3.26977e-10 1.04272e-09 4.34634e-11 4.22602e-10 3.83555e-11 0 0 0 3.30182e-08 0 3.81235e-08 6.4097e-10 1.86375e-12 1.09199e-08 5.39811e-10 0 0 0.585809 0.00569224 0.0468186 0.163564 1.36754e-05 0.0154071 0.00333314 0.0199203 2.95403e-05 0 0 0 3.24692e-06 9.28485e-07 9.1322e-10 4.45886e-10 1.46851e-09 8.88568e-11 9.02197e-10 2.96633e-11 0 0 0 2.10015e-08 0 5.02426e-08 4.66373e-10 2.71012e-12 7.44551e-09 7.6083e-10 0 0 0.745218 
0.000180404 1000 101325 1 2037.93 195310 1 0.254866 22.1111 0.0614738 0.0306827 0.203359 8.46388e-06 0.0205451 0.0683355 0.0273823 1.8758e-05 0 0 0 2.8381e-06 4.23948e-07 5.06911e-10 2.86602e-10 1.14478e-09 3.67364e-11 4.10174e-10 3.06007e-11 0 0 0 3.60218e-08 0 3.86041e-08 6.40397e-10 1.84573e-12 1.12744e-08 3.28985e-10 0 0 0.588191 0.00560493 0.0444024 0.165687 1.30202e-05 0.0148659 0.00311527 0.0210614 2.80007e-05 0 0 0 3.85147e-06 8.43885e-07 1.05469e-09 3.89247e-10 1.60572e-09 7.48e-11 8.72118e-10 2.35701e-11 0 0 0 2.28192e-08 0 5.067e-08 4.64069e-10 2.67304e-12 7.65611e-09 4.61806e-10 0 0 0.745217 
0.000180752 1000 101325 1 2110.79 201320 1 0.254866 22.218 0.0611725 0.0292442 0.20711 7.70826e-06 0.0195637 0.0628406 0.0290051 1.7823e-05 0 0 0 3.50187e-06 3.83771e-07 6.09715e-10 2.35563e-10 1.28255e-09 5.87742e-11 3.94204e-10 2.70067e-11 0 0 0 4.3179e-08 0 3.91429e-08 6.7829e-10 1.86974e-12 1.16939e-08 1.71994e-10 0 0 0.591035 0.00555063 0.0421169 0.167931 1.18007e-05 0.0140877 0.00285099 0.0222022 2.6477e-05 0 0 0 4.72936e-06 7.60235e-07 1.26249e-09 3.18388e-10 1.7903e-09 1.19096e-10 8.34129e-10 2.07017e-11 1.09976e-12 0 0 2.72215e-08 0 5.113e-08 4.89164e-10 2.69478e-12 7.90277e-09 2.40272e-10 0 0 0.745217 
0.00018116 1000 101325 1 2186.64 207503 1 0.254866 22.3305 0.0608873 0.0279074 0.211086 6.73763e-06 0.0184132 0.0572023 0.0304471 1.69502e-05 0 0 0 4.42796e-06 3.51992e-07 7.5778e-10 1.83178e-10 1.4565e-09 3.80051e-11 3.85348e-10 2.64765e-11 0 0 0 5.66858e-08 0 3.96153e-08 7.55808e-10 1.96703e-12 1.21993e-08 8.20698e-11 0 0 0.594028 0.0054969 0.0399891 0.170292 1.02628e-05 0.0131924 0.00258211 0.0231886 2.50535e-05 0 0 0 5.94994e-06 6.93769e-07 1.56116e-09 2.46337e-10 2.02287e-09 7.66227e-11 8.11282e-10 2.0193e-11 1.39337e-12 0 0 3.55566e-08 0 5.14861e-08 5.4232e-10 2.82072e-12 8.20276e-09 1.14072e-10 0 0 0.745216 
0.000181415 1000 101325 1 2229.67 210978 1 0.254866 22.3949 0.0606335 0.0271691 0.213447 6.16119e-06 0.0177248 0.0540945 0.0311629 1.64802e-05 0 0 0 5.11949e-06 3.37921e-07 8.70588e-10 1.55652e-10 1.57625e-09 2.08724e-11 3.81439e-10 2.71513e-11 0 0 0 6.80193e-08 0 3.98345e-08 8.16654e-10 2.06615e-12 1.25501e-08 5.26315e-11 0 0 0.59574 0.00545826 0.0388194 0.171702 9.35778e-06 0.0126627 0.0024348 0.0236655 2.42889e-05 0 0 0 6.85939e-06 6.64119e-07 1.78841e-09 2.08718e-10 2.18289e-09 4.19602e-11 8.00743e-10 2.06481e-11 1.60758e-12 0 0 4.2543e-08 0 5.16223e-08 5.84295e-10 2.95435e-12 8.41437e-09 7.29441e-11 0 0 0.745216 
0.000181614 1000 101325 1 2261.01 213495 1 0.254866 22.442 0.0603945 0.0266335 0.215224 5.74445e-06 0.0172113 0.0518777 0.0316381 1.61469e-05 0 0 0 5.73062e-06 3.29187e-07 9.73809e-10 1.37084e-10 1.67733e-09 1.72143e-11 3.8206e-10 2.80437e-11 0 0 0 7.83315e-08 0 3.99859e-08 8.69795e-10 2.16466e-12 1.28538e-08 3.77206e-11 0 0 0.596993 0.00542532 0.0379742 0.172768 8.70651e-06 0.01227 0.00233013 0.0239759 2.37476e-05 0 0 0 7.66209e-06 6.45597e-07 1.99626e-09 1.83434e-10 2.318e-09 3.45336e-11 8.00363e-10 2.1282e-11 1.80023e-12 0 0 4.88899e-08 0 5.17097e-08 6.2101e-10 3.0887e-12 8.59993e-09 5.21686e-11 0 0 0.745216 
0.000182062 1000 101325 1 2325.43 218628 1 0.254866 22.5395 0.0597517 0.0255325 0.219035 4.92129e-06 0.01613 0.0474479 0.0324896 1.54832e-05 0 0 0 7.38424e-06 3.15029e-07 1.25916e-09 1.03629e-10 1.93822e-09 1.40978e-11 3.95537e-10 3.10414e-11 1.11524e-12 0 0 1.06031e-07 0 4.02819e-08 1.00894e-09 2.4621e-12 1.36761e-08 1.86157e-11 0 0 0.599584 0.00534438 0.036247 0.175067 7.42664e-06 0.0114494 0.00212194 0.0245148 2.2673e-05 0 0 0 9.83037e-06 6.15159e-07 2.57006e-09 1.38068e-10 2.66696e-09 2.81593e-11 8.25013e-10 2.34551e-11 2.32617e-12 0 0 6.58923e-08 0 5.18672e-08 7.17244e-10 3.49792e-12 9.11055e-09 2.56347e-11 0 0 0.745215 
0.000182776 1000 101325 1 2413.45 225557 1 0.254866 22.674 0.0585389 0.0240213 0.224603 3.90999e-06 0.0146105 0.0416695 0.0333667 1.46216e-05 0 0 0 1.09983e-05 3.03806e-07 1.91286e-09 6.85007e-11 2.48678e-09 1.07673e-11 4.39939e-10 3.86375e-11 1.71203e-12 0 0 1.61426e-07 0 4.07862e-08 1.30017e-09 3.1992e-12 1.55291e-08 6.78803e-12 0 0 0.60316 0.00520483 0.0338994 0.178452 5.8655e-06 0.0103093 0.00185247 0.0250273 2.12844e-05 0 0 0 1.45548e-05 5.89725e-07 3.88114e-09 9.07241e-11 3.40147e-09 2.13793e-11 9.12183e-10 2.90216e-11 3.54978e-12 0 0 9.97221e-08 0 5.22051e-08 9.18791e-10 4.51816e-12 1.02836e-08 9.292e-12 0 0 0.745212 
0.000183521 1000 101325 1 2489.87 231494 1 0.254866 22.792 0.0571691 0.0226979 0.229786 3.15884e-06 0.0132665 0.0369088 0.033841 1.39153e-05 0 0 0 1.63097e-05 3.02653e-07 2.92851e-09 4.45438e-11 3.29988e-09 8.98277e-12 5.16593e-10 5.10414e-11 2.68667e-12 0 0 2.30217e-07 0 4.15672e-08 1.73008e-09 4.43031e-12 1.83763e-08 2.7748e-12 0 0 0.606297 0.00505672 0.0318659 0.181625 4.71414e-06 0.0093125 0.00163233 0.0252516 2.01513e-05 0 0 0 2.14719e-05 5.84444e-07 5.91112e-09 5.86895e-11 4.49028e-09 1.77436e-11 1.06558e-09 3.81399e-11 5.5418e-12 0 0 1.41482e-07 0 5.29292e-08 1.21626e-09 6.22444e-12 1.2106e-08 3.7787e-12 0 0 0.745209 
0.000183934 1000 101325 1 2526.85 234341 1 0.254866 22.8495 0.056399 0.022052 0.232415 2.83858e-06 0.012612 0.0346903 0.0339694 1.3587e-05 0 0 0 2.00233e-05 3.05604e-07 3.66715e-09 3.92741e-11 3.88533e-09 8.21541e-12 5.57187e-10 6.04075e-11 3.43599e-12 0 0 2.71708e-07 0 4.218e-08 2.0414e-09 5.38063e-12 2.04168e-08 1.94359e-12 0 0 0.607826 0.00497605 0.0308811 0.18324 4.22554e-06 0.00883079 0.00153035 0.0252836 1.96263e-05 0 0 0 2.62947e-05 5.88657e-07 7.3834e-09 5.1616e-11 5.27361e-09 1.6187e-11 1.14641e-09 4.5025e-11 7.06956e-12 0 0 1.6656e-07 0 5.35743e-08 1.43151e-09 7.54057e-12 1.34164e-08 2.6401e-12 0 0 0.745207 
0.000184879 1000 101325 1 2599.5 239884 1 0.254866 22.9633 0.0546784 0.0207686 0.237817 2.28579e-06 0.0113262 0.0304959 0.0340205 1.2965e-05 0 0 0 3.06781e-05 3.19919e-07 5.8894e-09 2.77977e-11 5.65155e-09 7.19548e-12 6.80989e-10 9.01932e-11 5.86073e-12 0 0 3.70829e-07 0 4.4195e-08 2.99324e-09 8.49329e-12 2.63435e-08 0 0 0 0.610847 0.00480034 0.0289398 0.18657 3.38579e-06 0.0078912 0.00133865 0.0251962 1.8635e-05 0 0 0 4.00868e-05 6.13179e-07 1.17989e-08 3.63521e-11 7.63293e-09 1.41072e-11 1.3942e-09 6.68929e-11 1.19987e-11 0 0 2.26196e-07 0 5.58555e-08 2.08858e-09 1.18438e-11 1.72252e-08 1.18551e-12 0 0 0.7452 
0.000186264 1000 101325 1 2682.36 246126 1 0.254866 23.0943 0.0523666 0.019273 0.244382 1.76648e-06 0.00987137 0.0259821 0.0337361 1.22835e-05 0 0 0 5.17195e-05 3.54574e-07 1.05696e-08 1.92894e-11 9.45057e-09 6.51838e-12 8.9159e-10 1.58974e-10 1.16894e-11 0 0 5.15611e-07 0 4.88098e-08 5.07353e-09 1.60539e-11 3.78657e-08 0 0 0 0.614322 0.00457129 0.0267033 0.190633 2.60171e-06 0.00683856 0.00113404 0.0248438 1.75553e-05 0 0 0 6.7198e-05 6.75743e-07 2.10551e-08 2.50823e-11 1.26914e-08 1.27072e-11 1.815e-09 1.17236e-10 2.3796e-11 0 0 3.12724e-07 0 6.13379e-08 3.52005e-09 2.22599e-11 2.46187e-08 0 0 0 0.745188 
0.000186873 1000 101325 1 2711.74 248319 1 0.254866 23.1411 0.0514537 0.0187318 0.246818 1.60813e-06 0.00936182 0.024453 0.0335437 1.20451e-05 0 0 0 6.28757e-05 3.73e-07 1.31499e-08 1.733e-11 1.15911e-08 6.38339e-12 9.91914e-10 1.99327e-10 1.52506e-11 0 0 5.75704e-07 0 5.14133e-08 6.24533e-09 2.06757e-11 4.37368e-08 0 0 0 0.615561 0.00448253 0.0259011 0.192144 2.3637e-06 0.00647245 0.00106514 0.0246521 1.71798e-05 0 0 0 8.15279e-05 7.09422e-07 2.61423e-08 2.2489e-11 1.55345e-08 1.24189e-11 2.01515e-09 1.46697e-10 3.09829e-11 0 0 3.48466e-07 0 6.44791e-08 4.32429e-09 2.86104e-11 2.83784e-08 0 0 0 0.745181 
0.000187557 1000 101325 1 2740.56 250459 1 0.254866 23.1872 0.0505086 0.0181938 0.249264 1.46423e-06 0.00886625 0.0229898 0.0333068 1.18104e-05 0 0 0 7.66852e-05 3.9491e-07 1.6402e-08 1.56637e-11 1.43274e-08 6.29724e-12 1.10928e-09 2.51726e-10 2.00324e-11 0 0 6.3938e-07 0 5.46737e-08 7.72836e-09 2.68472e-11 5.07157e-08 0 0 0 0.616779 0.00439145 0.0251072 0.193663 2.14792e-06 0.00611765 0.000999417 0.0244294 1.68117e-05 0 0 0 9.92365e-05 7.49602e-07 3.25428e-08 2.02862e-11 1.91636e-08 1.22269e-11 2.24912e-09 1.84893e-10 4.06164e-11 0 0 3.86239e-07 0 6.84317e-08 5.34051e-09 3.70765e-11 3.28413e-08 0 0 0 0.745173 
0.000189078 1000 101325 1 2791.24 254198 1 0.254866 23.2686 0.0487238 0.0172265 0.253711 1.23664e-06 0.00800724 0.0205059 0.0327726 1.13897e-05 0 0 0 0.000111495 4.44156e-07 2.47519e-08 1.34538e-11 2.14833e-08 6.24295e-12 1.38549e-09 3.89217e-10 3.35127e-11 0 0 7.63326e-07 0 6.26522e-08 1.14664e-08 4.38545e-11 6.67234e-08 0 0 0 0.618928 0.00422144 0.0236891 0.196427 1.80772e-06 0.00550561 0.00088832 0.0239534 1.6156e-05 0 0 0 0.000143779 8.40128e-07 4.89377e-08 1.73632e-11 2.86343e-08 1.20791e-11 2.7993e-09 2.84879e-10 6.77107e-11 0 0 4.59499e-07 0 7.81435e-08 7.8959e-09 6.0352e-11 4.30559e-08 0 0 0 0.745151 
0.000191276 1000 101325 1 2839.85 257754 1 0.254866 23.3473 0.0468573 0.0162644 0.258155 1.04629e-06 0.00720138 0.0182345 0.0321138 1.09654e-05 0 0 0 0.000169389 5.06674e-07 3.87652e-08 1.20752e-11 3.36017e-08 6.28922e-12 1.81962e-09 6.09936e-10 5.87377e-11 0 0 8.99186e-07 0 7.40433e-08 1.71562e-08 7.36023e-11 8.83631e-08 0 0 0 0.620991 0.00404606 0.0222908 0.199195 1.52431e-06 0.00493484 0.000787263 0.0233929 1.55017e-05 0 0 0 0.000217699 9.55154e-07 7.63856e-08 1.55315e-11 4.46358e-08 1.21276e-11 3.66407e-09 4.44927e-10 1.18276e-10 0 0 5.3946e-07 0 9.204e-08 1.17741e-08 1.00949e-10 5.68278e-08 0 0 0 0.745117 
0.000193966 1000 101325 1 2873.41 260190 1 0.254866 23.402 0.0454757 0.0155679 0.261336 9.28415e-07 0.00665505 0.0167292 0.0315682 1.06492e-05 0 0 0 0.000247796 5.60196e-07 5.7632e-08 1.00655e-11 4.94698e-08 6.36435e-12 2.40605e-09 8.54914e-10 9.51102e-11 0 0 1.00932e-06 0 8.48915e-08 2.31948e-08 1.11199e-10 1.09352e-07 0 0 0 0.622407 0.00391757 0.0212863 0.201178 1.34942e-06 0.00454979 0.000720584 0.0229417 1.50195e-05 0 0 0 0.000317724 1.05358e-06 1.13296e-07 1.29163e-11 6.5561e-08 1.22438e-11 4.83359e-09 6.22171e-10 1.9107e-10 0 0 6.04115e-07 0 1.05278e-07 1.58812e-08 1.52159e-10 7.01614e-08 0 0 0 0.74507 
0.000196656 1000 101325 1 2890.5 261424 1 0.254866 23.4301 0.0447449 0.0151915 0.262997 8.72149e-07 0.00637685 0.0159789 0.0312536 1.04729e-05 0 0 0 0.000330472 5.91014e-07 7.73314e-08 1.10308e-11 6.50875e-08 6.41096e-12 3.04656e-09 1.03948e-09 1.33684e-10 0 0 1.07966e-06 0 9.16337e-08 2.76411e-08 1.44877e-10 1.24295e-07 0 0 0 0.623114 0.00385 0.0207468 0.202214 1.26612e-06 0.00435437 0.00068744 0.0226858 1.47532e-05 0 0 0 0.000423223 1.11021e-06 1.5184e-07 1.41379e-11 8.61551e-08 1.23187e-11 6.11299e-09 7.55584e-10 2.6824e-10 0 0 6.45444e-07 0 1.13503e-07 1.89027e-08 1.98004e-10 7.96533e-08 0 0 0 0.745021 
0.000199346 1000 101325 1 2898.97 262032 1 0.254866 23.4442 0.0443793 0.0149883 0.263835 8.44982e-07 0.00623528 0.015608 0.0310785 1.03748e-05 0 0 0 0.000415013 6.07243e-07 9.73332e-08 0 7.99966e-08 6.43555e-12 3.72715e-09 1.16646e-09 1.724e-10 0 0 1.12795e-06 0 9.53837e-08 3.0644e-08 1.73535e-10 1.34948e-07 0 0 0 0.623447 0.00381624 0.0204569 0.202736 1.22594e-06 0.00425513 0.000671077 0.0225451 1.46062e-05 0 0 0 0.00053117 1.14001e-06 1.90999e-07 0 1.05826e-07 1.23585e-11 7.47411e-09 8.4737e-10 3.45717e-10 0 0 6.73903e-07 0 1.18077e-07 2.09437e-08 2.37028e-10 8.64281e-08 0 0 0 0.74497 
0.000199975 1000 101325 1 2900.2 262120 1 0.254866 23.4463 0.0443262 0.014956 0.263959 8.40689e-07 0.00621377 0.0155533 0.0310503 1.03587e-05 0 0 0 0.000434896 6.09604e-07 1.02023e-07 1.0983e-11 8.34001e-08 6.43694e-12 3.89048e-09 1.19411e-09 1.81381e-10 0 0 1.13737e-06 0 9.59075e-08 3.13677e-08 1.79911e-10 1.37133e-07 0 0 0 0.623493 0.00381133 0.020411 0.202813 1.2196e-06 0.00424007 0.000668664 0.0225226 1.45823e-05 0 0 0 0.000556569 1.14434e-06 2.00183e-07 1.4067e-11 1.10319e-07 1.236e-11 7.80094e-09 8.67379e-10 3.63694e-10 0 0 6.79475e-07 0 1.18715e-07 2.14364e-08 2.45715e-10 8.782e-08 0 0 0 0.744958 
0.000200292 1000 101325 1 2900.75 262159 1 0.254866 23.4473 0.0443028 0.0149412 0.264015 8.38864e-07 0.00620408 0.0155289 0.0310374 1.03514e-05 0 0 0 0.000444938 6.10671e-07 1.04389e-07 1.09162e-11 8.50996e-08 6.43816e-12 3.97338e-09 1.20658e-09 1.85899e-10 0 0 1.14191e-06 0 9.61614e-08 3.16647e-08 1.82989e-10 1.38157e-07 0 0 0 0.623513 0.00380917 0.02039 0.202848 1.21691e-06 0.00423329 0.000667588 0.0225124 1.45713e-05 0 0 0 0.000569397 1.14629e-06 2.04818e-07 1.39808e-11 1.12562e-07 1.23619e-11 7.96684e-09 8.76408e-10 3.72737e-10 0 0 6.82158e-07 0 1.19024e-07 2.16385e-08 2.49909e-10 8.84718e-08 0 0 0 0.744952 
0.000201017 1000 101325 1 2901.85 262237 1 0.254866 23.4491 0.0442564 0.0149108 0.264125 8.35188e-07 0.00618444 0.01548 0.0310108 1.03361e-05 0 0 0 0.000467908 6.12807e-07 1.09798e-07 1.09055e-11 8.89514e-08 6.44049e-12 4.16393e-09 1.2323e-09 1.96195e-10 0 0 1.15183e-06 0 9.6672e-08 3.22893e-08 1.89807e-10 1.40385e-07 0 0 0 0.623551 0.00380488 0.0203468 0.202917 1.21148e-06 0.00421955 0.000665433 0.0224913 1.45486e-05 0 0 0 0.000598745 1.15021e-06 2.15413e-07 1.3966e-11 1.17648e-07 1.23654e-11 8.34823e-09 8.95013e-10 3.93349e-10 0 0 6.88028e-07 0 1.19647e-07 2.20636e-08 2.592e-10 8.98914e-08 0 0 0 0.744938 
0.000202648 1000 101325 1 2903.63 262364 1 0.254866 23.4522 0.0441821 0.0148563 0.264308 8.28982e-07 0.00615065 0.0153986 0.0309629 1.03081e-05 0 0 0 0.000519639 6.16305e-07 1.2196e-07 1.08719e-11 9.74819e-08 6.44347e-12 4.59732e-09 1.28385e-09 2.19189e-10 0 0 1.17233e-06 0 9.75244e-08 3.35495e-08 2.04449e-10 1.44983e-07 0 0 0 0.623608 0.00379798 0.0202698 0.20303 1.20231e-06 0.00419594 0.000661846 0.0224535 1.45073e-05 0 0 0 0.000664853 1.15662e-06 2.39242e-07 1.39212e-11 1.28913e-07 1.23695e-11 9.21591e-09 9.32332e-10 4.39393e-10 0 0 7.00184e-07 0 1.20686e-07 2.29216e-08 2.79158e-10 9.28237e-08 0 0 0 0.744908 
0.00020591 1000 101325 1 2905.45 262490 1 0.254866 23.4556 0.0441119 0.0147837 0.264503 8.21888e-07 0.00611006 0.0153099 0.0308986 1.02689e-05 0 0 0 0.000623033 6.19842e-07 1.46202e-07 1.08661e-11 1.14108e-07 6.44347e-12 5.47659e-09 1.36988e-09 2.64524e-10 0 0 1.20853e-06 0 9.84364e-08 3.56783e-08 2.317e-10 1.53054e-07 0 0 0 0.623646 0.00379139 0.0201678 0.20315 1.19185e-06 0.00416765 0.000657941 0.0224037 1.44501e-05 0 0 0 0.000797026 1.16309e-06 2.86755e-07 1.39118e-11 1.50878e-07 1.23677e-11 1.09769e-08 9.94666e-10 5.30195e-10 0 0 7.21695e-07 0 1.21797e-07 2.43725e-08 3.16321e-10 9.79764e-08 0 0 0 0.744846 
0.000211455 1000 101325 1 2906.27 262541 1 0.254866 23.4577 0.0440955 0.0147083 0.264609 8.16705e-07 0.00607623 0.0152556 0.0308313 1.02248e-05 0 0 0 0.000797785 6.21308e-07 1.87021e-07 1.08648e-11 1.41548e-07 6.43587e-12 6.98379e-09 1.49174e-09 3.40012e-10 0 0 1.26324e-06 0 9.89266e-08 3.87367e-08 2.74759e-10 1.65157e-07 0 0 0 0.623613 0.00378966 0.0200633 0.203214 1.18424e-06 0.00414421 0.000655549 0.0223529 1.43868e-05 0 0 0 0.00102049 1.16574e-06 3.66785e-07 1.39089e-11 1.87145e-07 1.2352e-11 1.39967e-08 1.08305e-09 6.81441e-10 0 0 7.54305e-07 0 1.22393e-07 2.64595e-08 3.75074e-10 1.05715e-07 0 0 0 0.744741 
0.000219374 1000 101325 1 2906.14 262521 1 0.254866 23.4584 0.0441305 0.0146288 0.264632 8.132e-07 0.00604806 0.0152326 0.0307596 1.0175e-05 0 0 0 0.00104423 6.209e-07 2.44329e-07 1.08641e-11 1.79788e-07 6.42157e-12 9.12267e-09 1.6496e-09 4.45441e-10 0 0 1.33617e-06 0 9.90195e-08 4.27215e-08 3.33508e-10 1.81269e-07 0 0 0 0.62351 0.00379254 0.0199541 0.203225 1.17911e-06 0.00412486 0.000654539 0.0223002 1.43162e-05 0 0 0 0.00133569 1.16494e-06 4.7916e-07 1.39076e-11 2.37694e-07 1.23242e-11 1.82827e-08 1.19762e-09 8.92706e-10 0 0 7.97828e-07 1.03834e-12 1.22504e-07 2.91804e-08 4.55256e-10 1.16025e-07 0 0 0 0.744594 
0.000232111 1000 101325 1 2905.53 262460 1 0.254866 23.459 0.0442043 0.0145124 0.264629 8.08892e-07 0.00600997 0.0152134 0.0306541 1.01008e-05 0 0 0 0.00143197 6.19717e-07 3.3395e-07 1.08634e-11 2.39786e-07 6.39998e-12 1.24854e-08 1.89412e-09 6.10418e-10 0 0 1.44797e-06 0 9.89849e-08 4.88722e-08 4.25242e-10 2.06183e-07 0 0 0 0.623331 0.0037988 0.0197949 0.203218 1.17284e-06 0.00409879 0.0006537 0.0222232 1.42115e-05 0 0 0 0.0018316 1.16269e-06 6.54902e-07 1.39063e-11 3.1701e-07 1.22824e-11 2.50214e-08 1.37511e-09 1.22331e-09 0 0 8.64559e-07 1.41253e-12 1.22458e-07 3.33807e-08 5.80464e-10 1.31968e-07 0 0 0 0.744363 
0.000256991 1000 101325 1 2904.32 262339 1 0.254866 23.4599 0.044347 0.0142973 0.264614 8.01047e-07 0.00593999 0.0151805 0.0304577 9.96319e-06 0 0 0 0.00215649 6.18315e-07 4.99669e-07 1.088e-11 3.51964e-07 6.3671e-12 1.87364e-08 2.35423e-09 9.16844e-10 0 0 1.65072e-06 0 9.89309e-08 6.03271e-08 5.96788e-10 2.52262e-07 0 0 0 0.622993 0.0038109 0.0195007 0.203198 1.16142e-06 0.0040509 0.000652257 0.02208 1.40173e-05 0 0 0 0.00275822 1.16002e-06 9.79853e-07 1.3927e-11 4.65296e-07 1.22189e-11 3.75472e-08 1.70908e-09 1.83733e-09 0 0 9.85579e-07 2.09531e-12 1.22386e-07 4.12031e-08 8.14595e-10 1.61455e-07 0 0 0 0.74393 
0.000312281 1000 101325 1 2901.86 262098 1 0.254866 23.4617 0.0446366 0.0138716 0.264579 7.85402e-07 0.005801 0.0151141 0.0300645 9.6906e-06 0 0 0 0.00359951 6.1918e-07 8.22967e-07 1.09443e-11 5.75832e-07 6.33114e-12 3.10511e-08 3.28765e-09 1.52025e-09 0 0 2.0325e-06 1.28322e-12 9.89907e-08 8.30905e-08 9.39707e-10 3.42483e-07 0 0 0 0.622319 0.0038355 0.0189187 0.203156 1.13865e-06 0.00395582 0.000649356 0.0217932 1.36328e-05 0 0 0 0.00460354 1.16155e-06 1.61372e-06 1.40083e-11 7.61191e-07 1.21489e-11 6.22207e-08 2.38653e-09 3.04631e-09 0 0 1.21344e-06 3.39126e-12 1.22451e-07 5.67461e-08 1.28257e-09 2.19182e-07 0 0 0 0.743068 
0.000386399 1000 101325 1 2899.16 261833 1 0.254866 23.4636 0.0449601 0.013414 0.264534 7.68384e-07 0.00565068 0.0150409 0.029634 9.39681e-06 0 0 0 0.00516699 6.2563e-07 1.1638e-06 1.10443e-11 8.19762e-07 6.33629e-12 4.42188e-08 4.3298e-09 2.16509e-09 0 0 2.41572e-06 1.77985e-12 9.9303e-08 1.07772e-07 1.31438e-09 4.38253e-07 0 0 0 0.621584 0.00386299 0.0182931 0.203105 1.11389e-06 0.00385301 0.000646162 0.0214795 1.32184e-05 0 0 0 0.00660772 1.17356e-06 2.28187e-06 1.41351e-11 1.08356e-06 1.21578e-11 8.85995e-08 3.14278e-09 4.33809e-09 1.64439e-12 0 1.44211e-06 4.70338e-12 1.22828e-07 7.35966e-08 1.79381e-09 2.80451e-07 0 0 0 0.742131 
0.000471105 1000 101325 1 2896.83 261606 1 0.254866 23.4651 0.0452409 0.0130309 0.264489 7.5398e-07 0.00552414 0.0149783 0.0292673 9.15035e-06 0 0 0 0.00649222 6.35474e-07 1.44358e-06 1.11581e-11 1.02666e-06 6.37558e-12 5.51802e-08 5.23578e-09 2.70155e-09 1.00288e-12 0 2.71618e-06 2.17132e-12 9.97593e-08 1.28632e-07 1.63315e-09 5.17538e-07 0 0 0 0.620961 0.00388687 0.0177695 0.203058 1.09294e-06 0.00376648 0.000643427 0.0212124 1.28709e-05 0 0 0 0.00830194 1.19195e-06 2.83025e-06 1.42799e-11 1.35695e-06 1.22324e-11 1.10555e-07 3.80014e-09 5.41263e-09 2.69308e-12 0 1.62137e-06 5.73749e-12 1.23384e-07 8.78354e-08 2.22871e-09 3.31166e-07 0 0 0 0.74134 
0.000630936 1000 101325 1 2894.16 261346 1 0.254866 23.4667 0.0455668 0.0126024 0.264431 7.37686e-07 0.00538174 0.0149064 0.0288498 8.87403e-06 0 0 0 0.00799017 6.51562e-07 1.75024e-06 1.13169e-11 1.26136e-06 6.45916e-12 6.7372e-08 6.29058e-09 3.29785e-09 1.66132e-12 0 3.03079e-06 2.58221e-12 1.00487e-07 1.52229e-07 1.99598e-09 6.05349e-07 0 0 0 0.620255 0.0039146 0.017184 0.202999 1.06924e-06 0.00366914 0.000640297 0.0209083 1.24814e-05 0 0 0 0.0102167 1.22204e-06 3.43125e-06 1.4482e-11 1.66704e-06 1.23919e-11 1.34972e-07 4.5654e-09 6.60689e-09 4.46091e-12 0 1.80904e-06 6.82275e-12 1.24275e-07 1.03941e-07 2.72366e-09 3.87328e-07 0 0 0 0.740445 
0.000814374 1000 101325 1 2892.74 261210 1 0.254866 23.4675 0.0457399 0.0123816 0.264397 7.29213e-07 0.00530802 0.0148686 0.0286316 8.73137e-06 0 0 0 0.00876866 6.61945e-07 1.90567e-06 1.14116e-11 1.3837e-06 6.51843e-12 7.36256e-08 6.85239e-09 3.60355e-09 2.1949e-12 0 3.18471e-06 2.7831e-12 1.00949e-07 1.64511e-07 2.18568e-09 6.50284e-07 0 0 0 0.619887 0.00392933 0.0168823 0.202966 1.05693e-06 0.00361875 0.000638653 0.0207494 1.22803e-05 0 0 0 0.0112118 1.24147e-06 3.73581e-06 1.46027e-11 1.82866e-06 1.25052e-11 1.47496e-07 4.97296e-09 7.21907e-09 5.89347e-12 0 1.90085e-06 7.35328e-12 1.24842e-07 1.12324e-07 2.98241e-09 4.16065e-07 0 0 0 0.739981 
0.00100593 1000 101325 1 2892.15 261152 1 0.254866 23.4679 0.0458135 0.0122892 0.264382 7.25648e-07 0.00527707 0.0148527 0.0285395 8.67157e-06 0 0 0 0.00909613 6.66781e-07 1.97017e-06 1.14542e-11 1.43525e-06 6.54703e-12 7.62375e-08 7.09183e-09 3.73122e-09 2.52994e-12 0 3.24698e-06 2.86489e-12 1.01163e-07 1.6968e-07 2.26574e-09 6.69011e-07 0 0 0 0.619732 0.0039356 0.016756 0.202952 1.05174e-06 0.00359759 0.000637957 0.0206824 1.2196e-05 0 0 0 0.0116303 1.25052e-06 3.86221e-06 1.46571e-11 1.89676e-06 1.25599e-11 1.52726e-07 5.14665e-09 7.47473e-09 6.79298e-12 0 1.93799e-06 7.56926e-12 1.25105e-07 1.15852e-07 3.09161e-09 4.28041e-07 0 0 0 0.739785 
0.0012629 1000 101325 1 2891.88 261126 1 0.254866 23.468 0.0458471 0.0122472 0.264375 7.24029e-07 0.00526301 0.0148454 0.0284976 8.64442e-06 0 0 0 0.00924493 6.68964e-07 1.99937e-06 1.14734e-11 1.45869e-06 6.55988e-12 7.74225e-08 7.20097e-09 3.7891e-09 2.75556e-12 0 3.27628e-06 2.90159e-12 1.01259e-07 1.7204e-07 2.30216e-09 6.77578e-07 0 0 0 0.619662 0.00393846 0.0166987 0.202945 1.04939e-06 0.00358799 0.000637641 0.0206519 1.21577e-05 0 0 0 0.0118205 1.25461e-06 3.91943e-06 1.46816e-11 1.92772e-06 1.25845e-11 1.55099e-07 5.22583e-09 7.59063e-09 7.39872e-12 0 1.95547e-06 7.6662e-12 1.25223e-07 1.17462e-07 3.14129e-09 4.33519e-07 0 0 0 0.739696 
0.00155646 1000 101325 1 2891.8 261118 1 0.254866 23.4681 0.0458568 0.0122351 0.264373 7.23561e-07 0.00525895 0.0148433 0.0284855 8.63658e-06 0 0 0 0.00928794 6.69657e-07 2.00782e-06 1.14794e-11 1.46545e-06 6.56413e-12 7.77652e-08 7.23244e-09 3.80584e-09 2.85767e-12 0 3.28367e-06 2.91221e-12 1.01289e-07 1.7271e-07 2.31264e-09 6.79983e-07 0 0 0 0.619641 0.00393928 0.0166821 0.202943 1.04871e-06 0.00358521 0.00063755 0.0206431 1.21467e-05 0 0 0 0.0118755 1.2559e-06 3.93598e-06 1.46892e-11 1.93665e-06 1.25926e-11 1.55785e-07 5.24865e-09 7.62415e-09 7.67288e-12 0 1.95987e-06 7.69425e-12 1.25261e-07 1.17919e-07 3.15558e-09 4.35057e-07 0 0 0 0.739671 
0.00194861 1000 101325 1 2891.78 261116 1 0.254866 23.4681 0.0458594 0.0122318 0.264373 7.23434e-07 0.00525785 0.0148427 0.0284823 8.63446e-06 0 0 0 0.00929957 6.69816e-07 2.0101e-06 1.14808e-11 1.46729e-06 6.56501e-12 7.78575e-08 7.24111e-09 3.81037e-09 2.89884e-12 0 3.28616e-06 2.91515e-12 1.01296e-07 1.72899e-07 2.31552e-09 6.8067e-07 0 0 0 0.619636 0.0039395 0.0166777 0.202943 1.04853e-06 0.00358446 0.000637525 0.0206407 1.21437e-05 0 0 0 0.0118903 1.2562e-06 3.94045e-06 1.4691e-11 1.93908e-06 1.25943e-11 1.5597e-07 5.25494e-09 7.63323e-09 7.78342e-12 0 1.96136e-06 7.70199e-12 1.25269e-07 1.18048e-07 3.15952e-09 4.35496e-07 0 0 0 0.739664 
0.00245135 1000 101325 1 2891.77 261116 1 0.254866 23.4681 0.0458597 0.0122314 0.264373 7.23418e-07 0.00525771 0.0148427 0.0284818 8.63418e-06 0 0 0 0.00930109 6.69855e-07 2.01039e-06 1.14812e-11 1.46752e-06 6.56529e-12 7.78695e-08 7.24218e-09 3.81095e-09 2.90905e-12 0 3.28618e-06 2.91549e-12 1.01298e-07 1.7292e-07 2.31588e-09 6.80738e-07 0 0 0 0.619635 0.00393953 0.0166771 0.202943 1.0485e-06 0.00358436 0.000637521 0.0206404 1.21433e-05 0 0 0 0.0118923 1.25628e-06 3.94102e-06 1.46914e-11 1.93939e-06 1.25948e-11 1.55994e-07 5.25572e-09 7.63438e-09 7.81083e-12 0 1.96137e-06 7.70289e-12 1.25271e-07 1.18062e-07 3.16e-09 4.3554e-07 0 0 0 0.739663 
0.00336385 1000 101325 1 2891.77 261116 1 0.254866 23.4681 0.0458598 0.0122314 0.264373 7.23417e-07 0.00525771 0.0148427 0.0284818 8.63418e-06 0 0 0 0.00930112 6.69858e-07 2.01039e-06 1.14812e-11 1.46753e-06 6.56531e-12 7.78696e-08 7.24224e-09 3.81095e-09 2.91095e-12 0 3.28621e-06 2.91548e-12 1.01298e-07 1.72921e-07 2.31589e-09 6.80742e-07 0 0 0 0.619635 0.00393954 0.0166771 0.202943 1.0485e-06 0.00358436 0.000637521 0.0206404 1.21433e-05 0 0 0 0.0118923 1.25628e-06 3.94101e-06 1.46914e-11 1.9394e-06 1.25949e-11 1.55994e-07 5.25576e-09 7.63439e-09 7.81592e-12 0 1.96139e-06 7.70286e-12 1.25271e-07 1.18063e-07 3.16002e-09 4.35542e-07 0 0 0 0.739663 
0.00655761 1000 101325 1 2891.77 261116 1 0.254866 23.4681 0.0458598 0.0122314 0.264373 7.23417e-07 0.0052577 0.0148427 0.0284818 8.63418e-06 0 0 0 0.00930114 6.69857e-07 2.01039e-06 1.14812e-11 1.46753e-06 6.5653e-12 7.78697e-08 7.24224e-09 3.81096e-09 2.91096e-12 0 3.28623e-06 2.91549e-12 1.01298e-07 1.72921e-07 2.3159e-09 6.80743e-07 0 0 0 0.619635 0.00393954 0.0166771 0.202943 1.0485e-06 0.00358436 0.000637521 0.0206404 1.21433e-05 0 0 0 0.0118923 1.25628e-06 3.94102e-06 1.46914e-11 1.93941e-06 1.25948e-11 1.55995e-07 5.25577e-09 7.63441e-09 7.81597e-12 0 1.9614e-06 7.70289e-12 1.25271e-07 1.18063e-07 3.16002e-09 4.35543e-07 0 0 0 0.739663 
