t[s](1)             csi[m](2)           T0[K](3)            P0[Pa](4)           v0[m/s](5)          T[K](6)             P[Pa](7)            v[m/s](8)           rho[kg/m3](9)       MW[kg/kmol](10)     tau_T(max)[s](11)        tau_T(slope)[s](12)      tau_P(max)[s](13)        tau_P(slope)[s](14)      tau_OH(slope)[s](15)          tau_OH(max)[s](16)            
1.000000e+00        2.423625e+00        9.000000e+02        1.013250e+05        1.000000e+00        2.644102e+03        1.013250e+05        2.578829e+00        1.098007e-01        2.382325e+01        9.868297e-02             9.838199e-02             0.000000e+00             0.000000e+00             9.838217e-02                  9.840078e-02                  
1.000000e+00        2.495316e+00        9.111111e+02        1.013250e+05        1.000000e+00        2.648311e+03        1.013250e+05        2.552528e+00        1.095793e-01        2.381306e+01        3.715766e-02             3.686568e-02             0.000000e+00             0.000000e+00             3.686568e-02                  3.688476e-02                  
1.000000e+00        2.509766e+00        9.222222e+02        1.013250e+05        1.000000e+00        2.652498e+03        1.013250e+05        2.526850e+00        1.093592e-01        2.380280e+01        1.148127e-02             1.119592e-02             0.000000e+00             0.000000e+00             1.119602e-02                  1.121509e-02                  
1.000000e+00        2.497617e+00        9.333333e+02        1.013250e+05        1.000000e+00        2.656667e+03        1.013250e+05        2.501777e+00        1.091403e-01        2.379248e+01        3.060922e-03             2.776023e-03             0.000000e+00             0.000000e+00             2.776182e-03                  2.795501e-03                  
1.000000e+00        2.476031e+00        9.444444e+02        1.013250e+05        1.000000e+00        2.660814e+03        1.013250e+05        2.477284e+00        1.089226e-01        2.378210e+01        1.131460e-03             8.541922e-04             0.000000e+00             0.000000e+00             8.543317e-04                  8.736777e-04                  
1.000000e+00        2.452643e+00        9.555556e+02        1.013250e+05        1.000000e+00        2.664942e+03        1.013250e+05        2.453355e+00        1.087061e-01        2.377165e+01        7.675799e-04             4.951075e-04             0.000000e+00             0.000000e+00             4.951075e-04                  5.146020e-04                  
1.000000e+00        2.429477e+00        9.666667e+02        1.013250e+05        1.000000e+00        2.669049e+03        1.013250e+05        2.429968e+00        1.084909e-01        2.376114e+01        6.206984e-04             3.476199e-04             0.000000e+00             0.000000e+00             3.478025e-04                  3.668378e-04                  
1.000000e+00        2.406728e+00        9.777778e+02        1.013250e+05        1.000000e+00        2.673137e+03        1.013250e+05        2.407105e+00        1.082768e-01        2.375057e+01        5.443376e-04             2.715015e-04             0.000000e+00             0.000000e+00             2.715015e-04                  2.908537e-04                  
1.000000e+00        2.384442e+00        9.888889e+02        1.013250e+05        1.000000e+00        2.677204e+03        1.013250e+05        2.384747e+00        1.080639e-01        2.373994e+01        4.898317e-04             2.237455e-04             0.000000e+00             0.000000e+00             2.237455e-04                  2.432881e-04                  
1.000000e+00        2.362623e+00        1.000000e+03        1.013250e+05        1.000000e+00        2.681255e+03        1.013250e+05        2.362882e+00        1.078520e-01        2.372925e+01        4.503791e-04             1.934563e-04             0.000000e+00             0.000000e+00             1.936346e-04                  2.133005e-04                  
