0 0 0 0 0 0 0 0 0 0 0 0 0 0 0 0 0 0 0 0 0 0 0 0 0 0 0 0 0 0 0 0 0 0 0 0 0 0 0 0 0 0 0 0 0 0 0 0 0 0 0 0 0 0 0 0 0 0 0 0 0 0 0 0 0 0 0 0 0 0 0 0 0 
0 1000 101325 1 1000 101325 1 0.254866 20.9136 0.295775 0.147887 0 0 0 0 0 0 0 0 0 0 0 0 0 0 0 0 0 0 0 0 0 0 0 0 0 0 0 0 0 0.556338 0.0285116 0.226269 0 0 0 0 0 0 0 0 0 0 0 0 0 0 0 0 0 0 0 0 0 0 0 0 0 0 0 0 0 0.74522 
2.44903e-05 1000 101325 1 1000 101325 1 0.254866 20.9136 0.295775 0.147887 6.20135e-09 1.07896e-11 2.83988e-10 3.10752e-09 1.3828e-10 3.88444e-09 0 0 0 0 0 0 0 0 0 0 0 0 0 0 0 0 0 0 0 0 0 0 0 0.556338 0.0285116 0.226269 5.34184e-09 1.75482e-11 2.17252e-10 1.49777e-10 1.1245e-10 6.13044e-09 0 0 0 0 0 0 0 0 0 0 0 0 0 0 0 0 0 0 0 0 0 0 0 0.74522 
4.53194e-05 1000 101325 1 1000 101325 1 0.254866 20.9136 0.295775 0.147887 4.23139e-08 7.34579e-11 1.73426e-09 1.88878e-08 8.43561e-10 2.36727e-08 0 0 0 0 0 0 0 0 0 0 0 0 0 0 0 0 0 0 0 0 0 0 0 0.556338 0.0285116 0.226269 3.64492e-08 1.19472e-10 1.32672e-09 9.1036e-10 6.85985e-10 3.73603e-08 0 0 0 0 0 0 0 0 0 0 0 0 0 0 0 0 0 0 0 0 0 0 0 0.74522 
6.09436e-05 1000 101325 1 1000 101325 1 0.254866 20.9136 0.295774 0.147887 1.59873e-07 2.78108e-10 6.36382e-09 6.92656e-08 3.09728e-09 8.6807e-08 0 0 0 0 0 0 0 0 0 0 0 0 0 0 0 0 0 0 0 0 0 0 0 0.556338 0.0285116 0.226268 1.37714e-07 4.52316e-10 4.86834e-09 3.33848e-09 2.51871e-09 1.36999e-07 0 0 0 0 0 0 0 0 0 0 0 0 0 0 0 0 0 0 0 0 0 0 0 0.74522 
7.46168e-05 1000 101325 1 1000 101325 1 0.254866 20.9136 0.295774 0.147887 4.94736e-07 8.66237e-10 1.94898e-08 2.12131e-07 9.506e-09 2.65365e-07 0 0 0 0 0 0 0 0 0 0 0 0 0 0 0 0 0 0 0 0 0 0 0 0.556338 0.0285116 0.226268 4.26165e-07 1.40885e-09 1.49098e-08 1.02244e-08 7.73029e-09 4.188e-07 0 0 0 0 0 0 0 0 0 0 0 0 0 0 0 0 0 0 0 0 0 0 0 0.74522 
8.43833e-05 1000 101325 1 1000 101325 1 0.254866 20.9137 0.295773 0.147886 1.10401e-06 1.95568e-09 4.33172e-08 4.71593e-07 2.12106e-08 5.87774e-07 0 0 0 0 0 0 0 0 0 0 0 0 0 0 0 0 0 0 0 0 0 0 0 0.556338 0.0285115 0.226267 9.50995e-07 3.18073e-09 3.31378e-08 2.27299e-08 1.72485e-08 9.27628e-07 0 0 0 0 0 0 0 0 0 0 0 0 0 0 0 0 0 0 0 0 0 0 0 0.74522 
9.47963e-05 1000 101325 1 1000 101325 1 0.254866 20.9137 0.295771 0.147885 2.60278e-06 4.73802e-09 1.01752e-07 1.10855e-06 5.02966e-08 1.36916e-06 0 0 0 0 0 0 0 0 0 0 0 0 0 0 0 0 0 0 0 0 0 0 0 0.556339 0.0285112 0.226264 2.24203e-06 7.70592e-09 7.78407e-08 5.34299e-08 4.09012e-08 2.16081e-06 0 0 0 0 0 0 0 0 0 0 0 0 0 0 0 0 0 0 0 0 0 0 0 0.74522 
0.000107795 1000 101325 1 1000 101325 1 0.254866 20.9137 0.295764 0.14788 7.69671e-06 1.51781e-08 2.98763e-07 3.26249e-06 1.52216e-07 3.91046e-06 0 0 0 0 0 0 0 0 0 0 0 0 0 0 0 0 0 0 0 0 0 0 0 0.55634 0.0285105 0.226256 6.62991e-06 2.46856e-08 2.28554e-07 1.57245e-07 1.23782e-07 6.17148e-06 0 0 0 0 0 0 0 0 0 0 0 0 0 0 0 0 1.15423e-12 0 0 0 0 0 0 0.74522 
0.000115594 1000 101325 1 1000 101324 1 0.254866 20.9138 0.295755 0.147873 1.50224e-05 3.23995e-08 5.78285e-07 6.33445e-06 3.06347e-07 7.28945e-06 0 0 0 0 0 0 0 0 0 0 0 0 0 0 0 0 1.61489e-12 0 0 0 0 0 0 0.556342 0.0285095 0.226245 1.29402e-05 5.26942e-08 4.42386e-07 3.05307e-07 2.4912e-07 1.15042e-05 0 0 0 0 1.36879e-12 0 0 0 0 0 0 0 0 0 0 0 2.24098e-12 0 0 0 0 0 0 0.74522 
0.000122722 1000 101325 1 1000 101324 1 0.254866 20.9139 0.295738 0.147862 2.83608e-05 6.85631e-08 1.07757e-06 1.18627e-05 6.0639e-07 1.2747e-05 0 0 0 0 1.1984e-12 0 0 0 0 0 0 0 0 0 0 0 3.02411e-12 0 0 0 0 0 0 0.556346 0.0285077 0.226226 2.44296e-05 1.1151e-07 8.24334e-07 5.71755e-07 4.9311e-07 2.01172e-05 0 0 0 0 2.52201e-12 0 0 0 0 0 0 0 0 0 0 0 4.19652e-12 0 0 0 0 0 0 0.74522 
0.000130792 1000 101325 1 1000 101322 1 0.254866 20.9142 0.295697 0.147836 6.11512e-05 1.71194e-07 2.26604e-06 2.51903e-05 1.42278e-06 2.33987e-05 0 0 0 0 2.47108e-12 0 0 0 0 0 0 0 0 0 0 0 6.42092e-12 0 0 0 0 0 0 0.556354 0.0285033 0.226183 5.26741e-05 2.78423e-07 1.73348e-06 1.2141e-06 1.15698e-06 3.69268e-05 0 0 0 0 5.20026e-12 0 0 0 0 0 0 0 0 0 0 0 8.9101e-12 0 0 0 0 0 0 0.74522 
0.000138056 1000 101325 1 1000 101319 1 0.254866 20.9148 0.295613 0.147787 0.000130983 4.01752e-07 4.68662e-06 5.28194e-05 3.38152e-06 3.83907e-05 0 0 0 0 5.01138e-12 0 0 0 0 0 0 0 0 0 0 0 1.34606e-11 0 0 0 0 0 0 0.556369 0.0284944 0.226103 0.000112822 6.53375e-07 3.58508e-06 2.54566e-06 2.7497e-06 6.05849e-05 0 0 0 0 1.05459e-11 0 0 0 0 0 0 0 0 0 0 0 1.86783e-11 0 0 0 0 0 0 0.74522 
0.000142091 1000 101325 1 1000 101316 1 0.254866 20.9154 0.295523 0.14774 0.000207647 6.35841e-07 7.25191e-06 8.25026e-05 5.70114e-06 4.84802e-05 0 0 0 0 7.72551e-12 0 0 0 0 0 0 0 0 0 0 0 2.10207e-11 0 0 0 0 0 0 0.556385 0.028485 0.226025 0.000178852 1.03405e-06 5.54727e-06 3.97615e-06 4.63579e-06 7.65052e-05 0 0 0 0 1.62571e-11 0 0 0 0 0 0 0 0 0 0 0 2.91681e-11 0 0 0 0 0 0 0.74522 
0.000147548 1000 101325 1 1000 101310 1 0.254866 20.9167 0.295298 0.147632 0.000404486 1.11103e-06 1.36543e-05 0.00015729 1.18901e-05 6.12975e-05 0 0 0 1.88874e-12 1.49349e-11 0 0 0 0 0 0 0 0 0 0 0 4.00558e-11 0 0 0 0 0 0 0.556421 0.0284614 0.225844 0.000348373 1.80672e-06 1.0444e-05 7.57997e-06 9.6676e-06 9.67256e-05 0 0 0 2.70949e-12 3.1426e-11 0 0 0 0 0 0 0 0 0 0 0 5.55775e-11 0 0 0 1.23722e-12 0 0 0.74522 
0.00015432 1000 101325 1 1000 101292 1 0.254866 20.9203 0.294667 0.147349 0.000967662 1.8477e-06 3.15994e-05 0.000367399 2.93546e-05 6.9617e-05 0 0 0 9.97491e-12 4.02837e-11 0 1.70577e-12 0 0 0 0 0 0 0 0 0 9.34404e-11 0 0 3.42107e-12 2.74111e-12 0 0 0.556517 0.0283957 0.225373 0.000833277 3.00414e-06 2.41659e-05 1.77023e-05 2.38635e-05 0.000109835 0 0 0 1.4307e-11 8.47504e-11 0 2.44853e-12 0 0 0 0 0 0 0 0 0 1.29626e-10 0 0 2.45538e-12 4.06679e-12 0 0 0.74522 
0.000158427 1000 101325 1 1000 101272 1 0.254866 20.9246 0.29391 0.147016 0.00164875 2.21252e-06 5.309e-05 0.000618336 4.98179e-05 7.08679e-05 0 0 0 2.91711e-11 8.23612e-11 0 1.0881e-12 1.10993e-12 0 0 0 0 0 0 2.20105e-12 0 1.5702e-10 2.84389e-12 0 8.05805e-12 4.98247e-11 0 0 0.556631 0.028317 0.224818 0.00141948 3.59655e-06 4.05926e-05 2.9787e-05 4.04907e-05 0.000111785 0 0 0 4.18315e-11 1.73239e-10 0 1.56159e-12 1.6451e-12 0 0 0 0 0 0 1.47339e-12 0 2.17783e-10 2.1777e-12 0 5.78226e-12 7.39061e-11 0 0 0.74522 
0.000162533 1000 101325 1 1000 101236 1 0.254866 20.9319 0.292641 0.146459 0.00279522 2.38642e-06 8.87635e-05 0.00103473 8.37266e-05 7.15416e-05 0 0 0 8.84487e-11 1.82348e-10 0 0 2.99353e-12 0 0 6.7144e-12 0 0 0 8.2936e-12 0 2.62104e-10 1.14766e-11 0 1.81951e-11 1.43701e-10 0 0 0.556824 0.0281849 0.223887 0.0024057 3.87789e-06 6.78451e-05 4.98284e-05 6.80271e-05 0.000112809 0 0 0 1.26792e-10 3.83419e-10 0 0 4.4354e-12 0 0 5.46309e-12 0 0 0 5.54983e-12 0 3.63405e-10 8.78513e-12 0 1.30518e-11 2.13082e-10 0 0 0.74522 
0.000164176 1000 101325 1 1000 101216 1 0.254866 20.9361 0.291923 0.146143 0.00344565 2.38257e-06 0.000108708 0.0012677 0.000102777 7.18432e-05 0 0 0 1.38292e-10 2.55141e-10 0 1.56284e-12 4.15485e-12 0 0 1.40007e-11 0 0 0 1.38038e-11 0 3.20729e-10 1.73649e-11 0 2.46463e-11 9.81752e-11 0 0 0.556935 0.0281102 0.22336 0.0029649 3.87087e-06 8.30733e-05 6.10355e-05 8.34892e-05 0.000113262 0 0 0 1.98202e-10 5.36372e-10 0 2.24168e-12 6.15486e-12 0 0 1.13892e-11 0 0 0 9.23527e-12 0 4.44601e-10 1.32899e-11 1.27196e-12 1.76759e-11 1.45546e-10 0 0 0.74522 
0.000165613 1000 101325 1 1000 101195 1 0.254866 20.9405 0.291166 0.14581 0.00413317 2.3406e-06 0.000129561 0.00151143 0.000122777 7.21451e-05 0 0 0 2.02505e-10 3.44504e-10 0 1.74885e-12 4.42096e-12 0 0 2.18609e-11 0 0 0 2.10826e-11 0 3.81712e-10 1.81591e-11 0 3.09908e-11 1.12831e-10 0 0 0.557053 0.0280314 0.222804 0.00355574 3.80187e-06 9.89871e-05 7.27547e-05 9.97139e-05 0.000113714 0 0 0 2.90173e-10 7.24083e-10 0 2.50796e-12 6.54768e-12 0 0 1.77796e-11 0 0 0 1.4102e-11 0 5.29025e-10 1.38947e-11 1.17202e-12 2.22214e-11 1.67237e-10 0 0 0.74522 
0.000168479 1000 101325 1 1000 101139 1 0.254866 20.9521 0.289209 0.144947 0.00591831 2.15197e-06 0.000182608 0.00213221 0.000174038 7.2888e-05 0 0 0 4.25061e-10 6.34725e-10 0 4.5714e-12 6.18082e-12 0 0 4.5945e-11 0 0 0 4.58409e-11 0 5.36447e-10 2.62915e-11 0 4.771e-11 1.80476e-10 0 0 0.557362 0.0278275 0.221362 0.00508866 3.49354e-06 0.000139439 0.00010258 0.000141268 0.000114821 0 0 0 6.08739e-10 1.33333e-09 0 6.55204e-12 9.14904e-12 0 0 3.73465e-11 0 0 0 3.06457e-11 0 7.43064e-10 2.01063e-11 1.29252e-12 3.41906e-11 2.67353e-10 0 0 0.74522 
0.000172564 1000 101325 1 1000 101015 1 0.254866 20.9778 0.285038 0.143099 0.00976015 1.71618e-06 0.000291449 0.00340921 0.000281041 7.43856e-05 0 0 0 1.18348e-09 1.53362e-09 0 3.93318e-12 1.14335e-11 0 0 1.32764e-10 0 0 0 1.26745e-10 0 8.50945e-10 5.46895e-11 1.29797e-12 8.43351e-11 3.62076e-10 0 0 0.558045 0.0273926 0.218272 0.00838167 2.78266e-06 0.000222278 0.000163815 0.000227844 0.000117037 0 0 0 1.69281e-09 3.21764e-09 1.68161e-12 5.6304e-12 1.69035e-11 0 2.08823e-12 1.07786e-10 0 0 0 8.46281e-11 0 1.17725e-09 4.17723e-11 1.98131e-12 6.03634e-11 5.35715e-10 0 0 0.74522 
0.000173585 1000 101325 1 1000 100973 1 0.254866 20.9865 0.283672 0.142491 0.0110295 1.6002e-06 0.00032585 0.00381374 0.000315397 7.48635e-05 0 0 0 1.51765e-09 1.90816e-09 0 1.49526e-12 1.36216e-11 0 1.26189e-12 1.75292e-10 0 0 0 1.60765e-10 0 9.49512e-10 6.67638e-11 1.45578e-12 9.63504e-11 4.39658e-10 0 0 0.558276 0.02725 0.217255 0.00946782 2.59353e-06 0.000248411 0.000183178 0.000255591 0.00011774 0 0 0 2.1699e-09 4.00181e-09 2.00769e-12 2.13959e-12 2.01302e-11 0 2.82683e-12 1.42253e-10 0 0 0 1.07299e-10 0 1.31307e-09 5.09736e-11 2.22129e-12 6.89349e-11 6.50233e-10 0 0 0.74522 
0.000175627 1000 101325 1 1000 100873 1 0.254866 21.0074 0.280471 0.141061 0.0140255 1.39346e-06 0.000404013 0.0047345 0.000394485 7.5956e-05 0 0 0 2.47177e-09 2.93649e-09 1.31462e-12 2.15444e-12 1.91209e-11 0 2.26097e-12 3.09091e-10 0 0 0 2.52937e-10 0 1.17192e-09 9.90094e-11 1.90502e-12 1.24525e-10 6.27596e-10 0 0 0.558832 0.0269158 0.214861 0.0120276 2.25621e-06 0.000307692 0.000227176 0.000319364 0.000119339 0 0 0 3.53056e-09 6.1523e-09 2.87895e-12 3.07977e-12 2.82289e-11 1.11285e-12 5.05988e-12 2.50584e-10 0 0 0 1.6865e-10 0 1.61903e-09 7.55176e-11 2.90386e-12 8.9004e-11 9.27261e-10 0 0 0.74522 
0.000179278 1000 101325 1 1000 100624 1 0.254866 21.0594 0.272963 0.137678 0.0211765 1.19347e-06 0.00057376 0.00674163 0.000571663 7.84003e-05 0 0 0 5.67248e-09 6.14242e-09 2.53367e-12 3.95333e-12 3.44837e-11 0 5.92485e-12 8.46338e-10 0 0 0 5.22678e-10 0 1.64737e-09 1.92069e-10 3.07568e-12 1.8887e-10 1.14894e-09 0 0 0.560216 0.0261305 0.20919 0.0181152 1.92763e-06 0.00043589 0.000322685 0.000461659 0.000122875 0 0 0 8.0823e-09 1.28373e-08 5.53489e-12 5.63731e-12 5.07838e-11 1.95187e-12 1.32266e-11 6.84444e-10 0 0 0 3.47643e-10 0 2.27024e-09 1.46135e-10 4.67674e-12 1.34661e-10 1.69334e-09 0 0 0.74522 
0.000181548 1000 101325 1 1000 100412 1 0.254866 21.1038 0.267008 0.134964 0.0269743 1.20886e-06 0.000694664 0.00817709 0.000703128 8.02217e-05 0 0 0 9.18454e-09 9.42529e-09 3.79987e-12 2.61113e-12 4.83505e-11 1.31748e-12 1.02218e-11 1.53212e-09 0 0 0 7.7158e-10 0 1.97935e-09 2.7749e-10 4.0748e-12 2.37262e-10 1.60985e-09 0 0 0.561397 0.0255067 0.204636 0.0230263 1.94837e-06 0.000526632 0.00039057 0.000566632 0.000125465 0 0 0 1.30589e-08 1.96569e-08 8.28348e-12 3.71555e-12 7.10556e-11 2.81061e-12 2.27712e-11 1.23644e-09 0 0 0 5.12113e-10 0 2.72201e-09 2.10683e-10 6.18293e-12 1.68808e-10 2.36766e-09 0 0 0.74522 
0.000183819 1000 101325 1 1000 100149 1 0.254866 21.1593 0.260043 0.131756 0.0339024 1.32052e-06 0.000820467 0.00967525 0.00084574 8.22135e-05 0 0 0 1.43868e-08 1.40275e-08 5.63852e-12 1.27834e-11 6.56956e-11 1.88639e-12 1.68852e-11 2.6575e-09 0 0 0 1.0801e-09 0 2.31835e-09 3.8432e-10 5.27947e-12 2.89945e-10 2.15385e-09 0 0 0.562873 0.0247762 0.199248 0.0288645 2.12277e-06 0.000620373 0.000460916 0.000679772 0.000128244 0 0 0 2.04019e-08 2.91783e-08 1.22594e-11 1.81426e-11 9.62927e-11 4.01371e-12 3.75167e-11 2.13901e-09 0 0 0 7.15001e-10 0 3.17984e-09 2.91028e-10 7.98984e-12 2.0575e-10 3.15942e-09 0 0 0.74522 
0.00018748 1000 101325 1 1000 99604.8 1 0.254866 21.2748 0.246902 0.1256 0.0474189 1.63766e-06 0.0010115 0.011956 0.00107865 8.55378e-05 0 0 0 2.73425e-08 2.46851e-08 1.02286e-11 0 9.51262e-11 3.20292e-12 3.44275e-11 5.78682e-09 0 0 0 1.65403e-09 0 2.81869e-09 5.69895e-10 7.31753e-12 3.76406e-10 3.25966e-09 0 0 0.565946 0.0233964 0.188906 0.0401532 2.61828e-06 0.000760664 0.000566477 0.000862266 0.000132704 0 0 0 3.85639e-08 5.10681e-08 2.21186e-11 0 1.38673e-10 6.77791e-12 7.60777e-11 4.63249e-09 0 0 0 1.08899e-09 0 3.84511e-09 4.29213e-10 1.1014e-11 2.65654e-10 4.75555e-09 0 0 0.74522 
0.000191691 1000 101325 1 1000 98807.4 1 0.254866 21.4465 0.229817 0.11739 0.0658758 2.08662e-06 0.0011697 0.0138405 0.00130315 8.89126e-05 0 0 0 4.98279e-08 4.16255e-08 1.85532e-11 1.45639e-11 1.41472e-10 5.26939e-12 6.70014e-11 1.17319e-08 0 0 0 2.26145e-09 0 3.21432e-09 8.53072e-10 1.04531e-11 4.64798e-10 4.34799e-09 0 0 0.570513 0.0216031 0.175145 0.0553355 3.30937e-06 0.000872593 0.000650513 0.0010334 0.000136836 0 0 0 6.97147e-08 8.54247e-08 3.97986e-11 2.03928e-11 2.04584e-10 1.10616e-11 1.46874e-10 9.31646e-09 0 0 0 1.47698e-09 0 4.34971e-09 6.37343e-10 1.56077e-11 3.25411e-10 6.29254e-09 0 0 0.74522 
0.000193375 1000 101325 1 1000 98448.8 1 0.254866 21.5246 0.222741 0.113924 0.0738096 2.26176e-06 0.00120603 0.0142674 0.00136838 8.99587e-05 0 0 0 6.08057e-08 4.94018e-08 2.2838e-11 8.98284e-12 1.6344e-10 6.20139e-12 8.36876e-11 1.47692e-08 0 0 0 2.45488e-09 0 3.30009e-09 9.54335e-10 1.17793e-11 4.85892e-10 4.72408e-09 0 0 0.572592 0.020862 0.169356 0.0617748 3.57411e-06 0.000896426 0.000668145 0.00108118 0.000137943 0 0 0 8.4765e-08 1.01016e-07 4.8812e-11 1.25324e-11 2.35495e-10 1.29708e-11 1.82786e-10 1.16859e-08 0 0 0 1.5975e-09 0 4.44957e-09 7.10409e-10 1.7524e-11 3.38945e-10 6.812e-09 0 0 0.74522 
0.00019527 1000 101325 1 1000 98028.9 1 0.254866 21.6168 0.214816 0.109997 0.0828903 2.44323e-06 0.00122735 0.0145104 0.00142166 9.08705e-05 0 0 0 7.40869e-08 5.84761e-08 2.82501e-11 9.56931e-12 1.82811e-10 7.27227e-12 1.04502e-10 1.84902e-08 0 0 0 2.61542e-09 0 3.34644e-09 1.05529e-09 1.30529e-11 5.07622e-10 5.07955e-09 0 0 0.575044 0.0200338 0.162821 0.069079 3.84441e-06 0.000908382 0.000676626 0.00111849 0.000138747 0 0 0 1.02839e-07 1.1906e-07 6.01218e-11 1.32936e-11 2.62282e-10 1.51458e-11 2.27274e-10 1.45676e-08 0 0 0 1.69471e-09 0 4.49281e-09 7.82211e-10 1.93358e-11 3.52593e-10 7.29335e-09 0 0 0.74522 
0.000199409 1000 101325 1 1000 97093.8 1 0.254866 21.825 0.198193 0.101624 0.10255 2.75644e-06 0.00121081 0.0142788 0.00146641 9.18166e-05 0 0 0 1.04689e-07 7.81966e-08 4.18257e-11 1.03694e-11 2.20969e-10 9.52305e-12 1.5503e-10 2.71405e-08 0 0 0 2.78211e-09 0 3.29109e-09 1.23808e-09 1.56524e-11 5.32616e-10 5.58873e-09 0 0 0.580583 0.0183073 0.148992 0.0846476 4.29588e-06 0.000887595 0.000659475 0.00114269 0.000138854 0 0 0 1.4393e-07 1.57694e-07 8.81645e-11 1.42677e-11 3.14003e-10 1.96443e-11 3.33948e-10 2.11789e-08 0 0 0 1.78552e-09 0 4.37635e-09 9.08943e-10 2.29654e-11 3.66425e-10 7.94789e-09 0 0 0.74522 
0.000204666 1000 101325 1 1000 95971.7 1 0.254866 22.0802 0.17942 0.0919861 0.125588 2.97337e-06 0.00110839 0.0130163 0.00141575 9.1192e-05 0 0 0 1.42215e-07 1.00383e-07 6.11183e-11 1.05978e-11 2.58205e-10 1.18865e-11 2.22166e-10 3.76045e-08 0 0 0 2.72008e-09 0 3.0255e-09 1.38606e-09 1.83787e-11 5.30206e-10 5.74699e-09 0 0 0.587371 0.0163817 0.133304 0.102466 4.5804e-06 0.000803122 0.000594216 0.00109046 0.000136316 0 0 0 1.93264e-07 2.00096e-07 1.27342e-10 1.44135e-11 3.62676e-10 2.42364e-11 4.73034e-10 2.90053e-08 0 0 0 1.72553e-09 0 3.97669e-09 1.00583e-09 2.66538e-11 3.60551e-10 8.07851e-09 0 0 0.74522 
0.000210561 1000 101325 1 1000 94895.8 1 0.254866 22.3305 0.161967 0.0829127 0.147557 3.02744e-06 0.000957282 0.0111939 0.00128936 8.89121e-05 0 0 0 1.78123e-07 1.19659e-07 8.33887e-11 1.01855e-11 2.86071e-10 1.37173e-11 2.92598e-10 4.7095e-08 0 0 0 2.47799e-09 0 2.64421e-09 1.46297e-09 2.07138e-11 5.03802e-10 5.51472e-09 0 0 0.59403 0.0146224 0.118808 0.119041 4.61141e-06 0.000685856 0.000505294 0.000981978 0.000131418 0 0 0 2.39348e-07 2.35845e-07 1.71796e-10 1.36974e-11 3.97312e-10 2.76557e-11 6.16014e-10 3.59182e-08 0 0 0 1.55434e-09 0 3.43656e-09 1.04974e-09 2.97036e-11 3.38755e-10 7.66509e-09 0 0 0.74522 
0.000219007 1000 101325 1 1000 93707.1 1 0.254866 22.6138 0.142702 0.0728455 0.172105 2.92391e-06 0.000759365 0.00884529 0.00108934 8.448e-05 0 0 0 2.17008e-07 1.38286e-07 1.13942e-10 9.13811e-12 3.09113e-10 1.51404e-11 3.77273e-10 5.62752e-08 0 0 0 2.0862e-09 0 2.1447e-09 1.48291e-09 2.31572e-11 4.55383e-10 4.91188e-09 0 0 0.601565 0.0127218 0.103075 0.137105 4.39793e-06 0.000537241 0.000394275 0.00081925 0.000123303 0 0 0 2.87945e-07 2.69145e-07 2.31801e-10 1.21349e-11 4.23936e-10 3.01424e-11 7.84332e-10 4.23822e-08 0 0 0 1.29219e-09 0 2.75245e-09 1.05072e-09 3.27915e-11 3.02362e-10 6.74167e-09 0 0 0.745219 
0.000227453 1000 101325 1 1000 92841.8 1 0.254866 22.8246 0.128395 0.0653737 0.190359 2.75079e-06 0.000609505 0.00708906 0.000919203 7.99192e-05 0 0 0 2.44501e-07 1.49875e-07 1.4196e-10 8.06382e-12 3.21582e-10 1.5698e-11 4.4367e-10 6.16746e-08 0 0 0 1.76051e-09 0 1.76148e-09 1.45929e-09 2.49933e-11 4.11548e-10 4.29965e-09 0 0 0.607172 0.0113406 0.091648 0.150247 4.09933e-06 0.000427235 0.000313074 0.000684914 0.000115569 0 0 0 3.21429e-07 2.89006e-07 2.86134e-10 1.06095e-11 4.36966e-10 3.09639e-11 9.13852e-10 4.60197e-08 0 0 0 1.08039e-09 0 2.23976e-09 1.02443e-09 3.50647e-11 2.70734e-10 5.84688e-09 0 0 0.745219 
0.000232098 1000 101325 1 1000 92465 1 0.254866 22.9176 0.122036 0.0620609 0.198446 2.65285e-06 0.000545418 0.00634293 0.000841802 7.75666e-05 0 0 0 2.56217e-07 1.5436e-07 1.56247e-10 7.534e-12 3.26081e-10 1.57922e-11 4.73904e-10 6.3595e-08 0 0 0 1.61548e-09 0 1.59523e-09 1.43991e-09 2.5844e-11 3.90984e-10 3.99991e-09 0 0 0.609646 0.0107352 0.0866506 0.155994 3.93733e-06 0.000380762 0.000278985 0.000624696 0.000111712 0 0 0 3.35465e-07 2.96447e-07 3.13652e-10 9.87216e-12 4.4128e-10 3.10233e-11 9.72163e-10 4.726e-08 0 0 0 9.87363e-10 0 2.02014e-09 1.00672e-09 3.61109e-11 2.56162e-10 5.41721e-09 0 0 0.745219 
0.000233787 1000 101325 1 1000 92341.6 1 0.254866 22.9482 0.119934 0.0609675 0.201114 2.61817e-06 0.00052478 0.00610322 0.000816266 7.67447e-05 0 0 0 2.60016e-07 1.55751e-07 1.61296e-10 7.35037e-12 3.27448e-10 1.58012e-11 4.83983e-10 6.41592e-08 0 0 0 1.56808e-09 0 1.54138e-09 1.43244e-09 2.61343e-11 3.84104e-10 3.89846e-09 0 0 0.61046 0.0105362 0.0850105 0.15788 3.88067e-06 0.000365866 0.000268084 0.000604938 0.000110381 0 0 0 3.39985e-07 2.98719e-07 3.23356e-10 9.6187e-12 4.42539e-10 3.09996e-11 9.91515e-10 4.76157e-08 0 0 0 9.57116e-10 0 1.94934e-09 1.00017e-09 3.64679e-11 2.51319e-10 5.27276e-09 0 0 0.745219 
0.000234974 1000 101325 1 1000 92258.9 1 0.254866 22.9688 0.118518 0.0602312 0.202909 2.59422e-06 0.000511047 0.00594388 0.000799088 7.61884e-05 0 0 0 2.62555e-07 1.56662e-07 1.64745e-10 7.22995e-12 3.2834e-10 1.58009e-11 4.90794e-10 6.45191e-08 0 0 0 1.53635e-09 0 1.50648e-09 1.42713e-09 2.63308e-11 3.79468e-10 3.82957e-09 0 0 0.611008 0.0104025 0.0839086 0.159147 3.84173e-06 0.000355972 0.000260851 0.000591677 0.000109482 0 0 0 3.42997e-07 3.00197e-07 3.29974e-10 9.45263e-12 4.43346e-10 3.09713e-11 1.00457e-09 4.78399e-08 0 0 0 9.36908e-10 0 1.9035e-09 9.95562e-10 3.67092e-11 2.48063e-10 5.17495e-09 0 0 0.745219 
0.000236633 1000 101325 1 1000 92148.2 1 0.254866 22.9964 0.116616 0.0592426 0.20532 2.56135e-06 0.000492833 0.0057327 0.000776111 7.54136e-05 0 0 0 2.65938e-07 1.57854e-07 1.69471e-10 7.06632e-12 3.29504e-10 1.57922e-11 4.99977e-10 6.49764e-08 0 0 0 1.49403e-09 0 1.45734e-09 1.41966e-09 2.65961e-11 3.73251e-10 3.73652e-09 0 0 0.611742 0.0102232 0.0824323 0.160844 3.78851e-06 0.000342873 0.000251281 0.000573974 0.000108239 0 0 0 3.47e-07 3.02118e-07 3.39033e-10 9.22762e-12 4.44384e-10 3.09171e-11 1.02214e-09 4.81212e-08 0 0 0 9.1001e-10 0 1.8392e-09 9.89165e-10 3.70346e-11 2.43707e-10 5.04314e-09 0 0 0.745219 
0.000240504 1000 101325 1 1000 91910.3 1 0.254866 23.0559 0.112496 0.0571043 0.210529 2.48778e-06 0.000454372 0.00528739 0.000726787 7.36795e-05 0 0 0 2.73161e-07 1.60307e-07 1.80276e-10 6.70721e-12 3.31895e-10 1.57409e-11 5.19963e-10 6.5863e-08 0 0 0 1.40382e-09 0 1.35573e-09 1.40219e-09 2.71934e-11 3.59746e-10 3.53355e-09 0 0 0.613325 0.00983662 0.079252 0.1645 3.67019e-06 0.000315299 0.000231164 0.000536109 0.000105477 0 0 0 3.55504e-07 3.06022e-07 3.59717e-10 8.73606e-12 4.46454e-10 3.07372e-11 1.06025e-09 4.8652e-08 0 0 0 8.52855e-10 0 1.70654e-09 9.74471e-10 3.77686e-11 2.34282e-10 4.75688e-09 0 0 0.745219 
0.000249353 1000 101325 1 1000 91454.8 1 0.254866 23.1707 0.104476 0.0529517 0.22063 2.33699e-06 0.000383793 0.00447223 0.000633269 7.00765e-05 0 0 0 2.86804e-07 1.64582e-07 2.03509e-10 5.99631e-12 3.36125e-10 1.55081e-11 5.5925e-10 6.71655e-08 0 0 0 1.23491e-09 0 1.16712e-09 1.36351e-09 2.8431e-11 3.33631e-10 3.1368e-09 0 0 0.61638 0.00909004 0.0731246 0.171538 3.43064e-06 0.000265002 0.000194556 0.000464811 9.98218e-05 0 0 0 3.7141e-07 3.12626e-07 4.04063e-10 7.77141e-12 4.49903e-10 3.01325e-11 1.13471e-09 4.93681e-08 0 0 0 7.46519e-10 0 1.46186e-09 9.42896e-10 3.92917e-11 2.16198e-10 4.20185e-09 0 0 0.745219 
0.000260414 1000 101325 1 1000 91010.6 1 0.254866 23.2838 0.0964764 0.0488246 0.230645 2.18071e-06 0.000319641 0.00373317 0.000544599 6.61965e-05 0 0 0 2.99877e-07 1.68199e-07 2.30011e-10 5.29196e-12 3.39954e-10 1.50934e-11 5.98905e-10 6.78893e-08 0 0 0 1.07713e-09 0 9.92775e-10 1.31962e-09 2.97831e-11 3.08145e-10 2.74676e-09 0 0 0.619388 0.0083533 0.0670977 0.178453 3.18567e-06 0.000219635 0.000161616 0.000397787 9.3837e-05 0 0 0 3.86453e-07 3.17943e-07 4.54465e-10 6.82524e-12 4.52819e-10 2.91843e-11 1.20927e-09 4.96578e-08 0 0 0 6.47978e-10 0 1.23744e-09 9.08111e-10 4.09604e-11 1.98713e-10 3.66151e-09 0 0 0.745219 
0.000273887 1000 101325 1 1000 90595 1 0.254866 23.3906 0.0888167 0.0448866 0.240174 2.02952e-06 0.000264466 0.00309855 0.000465165 6.22222e-05 0 0 0 3.11923e-07 1.71069e-07 2.59218e-10 4.63511e-12 3.43426e-10 1.45165e-11 6.37349e-10 6.80261e-08 0 0 0 9.37385e-10 0 8.4006e-10 1.2733e-09 3.1213e-11 2.84525e-10 2.38588e-09 0 0 0.62223 0.00765497 0.0614042 0.184977 2.95127e-06 0.000180893 0.00013353 0.000338215 8.78004e-05 0 0 0 4.00141e-07 3.21892e-07 5.09833e-10 5.95078e-12 4.55354e-10 2.79406e-11 1.28101e-09 4.95306e-08 0 0 0 5.61334e-10 0 1.04231e-09 8.72231e-10 4.27309e-11 1.82643e-10 3.16593e-09 0 0 0.745219 
0.000288525 1000 101325 1 1000 90246.2 1 0.254866 23.481 0.0822502 0.0415215 0.248296 1.90134e-06 0.000222157 0.00261223 0.00040199 5.86217e-05 0 0 0 3.21914e-07 1.73078e-07 2.87877e-10 4.09499e-12 3.46365e-10 1.38774e-11 6.70719e-10 6.76989e-08 0 0 0 8.26925e-10 0 7.20855e-10 1.23059e-09 3.256e-11 2.65017e-10 2.09097e-09 0 0 0.624635 0.00706171 0.056582 0.190496 2.75424e-06 0.000151369 0.000112138 0.000291156 8.24013e-05 0 0 0 4.11368e-07 3.24419e-07 5.6402e-10 5.2371e-12 4.57482e-10 2.66076e-11 1.34289e-09 4.91026e-08 0 0 0 4.93281e-10 0 8.90959e-10 8.39732e-10 4.44033e-11 1.69465e-10 2.76392e-09 0 0 0.745219 
0.000304909 1000 101325 1 1000 89939.6 1 0.254866 23.5611 0.0763719 0.0385173 0.25553 1.78931e-06 0.000188156 0.00222134 0.000349616 5.52501e-05 0 0 0 3.30626e-07 1.74532e-07 3.17016e-10 3.63481e-12 3.49037e-10 1.31907e-11 7.00981e-10 6.70513e-08 0 0 0 7.35421e-10 0 6.2352e-10 1.19016e-09 3.38758e-11 2.48176e-10 1.84098e-09 0 0 0.626764 0.00653474 0.0523098 0.19538 2.58315e-06 0.000127766 9.50344e-05 0.000252362 7.73982e-05 0 0 0 4.21066e-07 3.26032e-07 6.19e-10 4.63278e-12 4.59446e-10 2.52051e-11 1.39871e-09 4.84677e-08 0 0 0 4.37206e-10 0 7.68037e-10 8.09385e-10 4.60408e-11 1.58158e-10 2.4252e-09 0 0 0.745219 
0.000312891 1000 101325 1 1000 89813.4 1 0.254866 23.5942 0.0739242 0.0372686 0.258532 1.74356e-06 0.000175062 0.00207075 0.000329008 5.37988e-05 0 0 0 3.34197e-07 1.75041e-07 3.30191e-10 3.44667e-12 3.50171e-10 1.28729e-11 7.13741e-10 6.66808e-08 0 0 0 6.99365e-10 0 5.85517e-10 1.17277e-09 3.44501e-11 2.41335e-10 1.74123e-09 0 0 0.627645 0.00631645 0.050543 0.197398 2.51356e-06 0.000118708 8.84676e-05 0.000237153 7.52595e-05 0 0 0 4.25016e-07 3.26525e-07 6.43823e-10 4.38682e-12 4.60292e-10 2.45633e-11 1.42218e-09 4.81322e-08 0 0 0 4.15188e-10 0 7.20215e-10 7.96435e-10 4.67557e-11 1.53582e-10 2.29058e-09 0 0 0.745219 
0.000316384 1000 101325 1 1000 89762.1 1 0.254866 23.6077 0.0729235 0.0367584 0.259757 1.72504e-06 0.000169883 0.00201119 0.000320777 5.32038e-05 0 0 0 3.35648e-07 1.75234e-07 3.35692e-10 3.37561e-12 3.5064e-10 1.27377e-11 7.18984e-10 6.65121e-08 0 0 0 6.84957e-10 0 5.70433e-10 1.16556e-09 3.46854e-11 2.3857e-10 1.70122e-09 0 0 0.628003 0.00622738 0.0498227 0.198221 2.48545e-06 0.00011513 8.58737e-05 0.000231088 7.43845e-05 0 0 0 4.26618e-07 3.26698e-07 6.54173e-10 4.29392e-12 4.60645e-10 2.42914e-11 1.43181e-09 4.79831e-08 0 0 0 4.06402e-10 0 7.0126e-10 7.91088e-10 4.70481e-11 1.51736e-10 2.23667e-09 0 0 0.745219 
0.000319724 1000 101325 1 1000 89715.1 1 0.254866 23.62 0.0720027 0.0362892 0.260884 1.70811e-06 0.000165207 0.0019574 0.000313306 5.26561e-05 0 0 0 3.36979e-07 1.75403e-07 3.40446e-10 3.31024e-12 3.51076e-10 1.26105e-11 7.23819e-10 6.63481e-08 0 0 0 6.71874e-10 0 5.56773e-10 1.15888e-09 3.48933e-11 2.36037e-10 1.66481e-09 0 0 0.628333 0.00614552 0.0491609 0.198976 2.45976e-06 0.000111903 8.35333e-05 0.000225588 7.35802e-05 0 0 0 4.28085e-07 3.26841e-07 6.63091e-10 4.20857e-12 4.60976e-10 2.40361e-11 1.44068e-09 4.78396e-08 0 0 0 3.9843e-10 0 6.84109e-10 7.86146e-10 4.73053e-11 1.50046e-10 2.18765e-09 0 0 0.745219 
0.000325207 1000 101325 1 1000 89641.6 1 0.254866 23.6394 0.070562 0.0355554 0.262646 1.68181e-06 0.000158062 0.00187517 0.000301849 5.1779e-05 0 0 0 3.39053e-07 1.75651e-07 3.4917e-10 3.20141e-12 3.5176e-10 1.24062e-11 7.31414e-10 6.60742e-08 0 0 0 6.51736e-10 0 5.35796e-10 1.1483e-09 3.52584e-11 2.32107e-10 1.60865e-09 0 0 0.628848 0.00601762 0.0481274 0.200156 2.4199e-06 0.000106976 7.99587e-05 0.000217161 7.22953e-05 0 0 0 4.30367e-07 3.27036e-07 6.79525e-10 4.06687e-12 4.61496e-10 2.36275e-11 1.4546e-09 4.76032e-08 0 0 0 3.86172e-10 0 6.57795e-10 7.78326e-10 4.77611e-11 1.47427e-10 2.11212e-09 0 0 0.745219 
0.000338414 1000 101325 1 1000 89482.1 1 0.254866 23.6816 0.0674104 0.0339517 0.266493 1.62507e-06 0.000143146 0.00170343 0.000277641 4.98422e-05 0 0 0 3.43558e-07 1.76128e-07 3.68497e-10 2.97701e-12 3.53285e-10 1.19377e-11 7.48162e-10 6.54016e-08 0 0 0 6.09066e-10 0 4.91755e-10 1.12472e-09 3.60571e-11 2.23622e-10 1.4892e-09 0 0 0.629969 0.00573862 0.0458747 0.202726 2.3341e-06 9.67076e-05 7.2506e-05 0.000199389 6.94673e-05 0 0 0 4.3531e-07 3.27339e-07 7.15861e-10 3.77507e-12 4.62672e-10 2.26947e-11 1.48526e-09 4.70347e-08 0 0 0 3.60246e-10 0 6.02651e-10 7.60988e-10 4.87562e-11 1.41785e-10 1.95181e-09 0 0 0.745219 
0.000361475 1000 101325 1 1000 89249.6 1 0.254866 23.7432 0.0627692 0.0315935 0.272141 1.54353e-06 0.000122919 0.00147028 0.00024417 4.6922e-05 0 0 0 3.50126e-07 1.7666e-07 3.99455e-10 2.66266e-12 3.55603e-10 1.11953e-11 7.73222e-10 6.42235e-08 0 0 0 5.49607e-10 0 4.31303e-10 1.08885e-09 3.72847e-11 2.11404e-10 1.32215e-09 0 0 0.63161 0.00532963 0.0425775 0.206485 2.21123e-06 8.28268e-05 6.24197e-05 0.000174896 6.52273e-05 0 0 0 4.42479e-07 3.27475e-07 7.73986e-10 3.36768e-12 4.64497e-10 2.1228e-11 1.53103e-09 4.60675e-08 0 0 0 3.24233e-10 0 5.27193e-10 7.34808e-10 5.02851e-11 1.3369e-10 1.72836e-09 0 0 0.745219 
0.000390005 1000 101325 1 1000 89020.1 1 0.254866 23.8044 0.0581288 0.0292397 0.27777 1.46422e-06 0.00010467 0.00125959 0.000213262 4.39208e-05 0 0 0 3.5663e-07 1.76988e-07 4.33829e-10 2.36645e-12 3.58009e-10 1.03942e-11 7.98863e-10 6.28172e-08 0 0 0 4.9399e-10 0 3.75913e-10 1.05152e-09 3.85722e-11 1.99479e-10 1.16587e-09 0 0 0.633238 0.00492293 0.0393041 0.210214 2.09222e-06 7.03488e-05 5.33374e-05 0.000152364 6.08983e-05 0 0 0 4.49539e-07 3.27239e-07 8.38427e-10 2.98534e-12 4.66438e-10 1.96585e-11 1.57773e-09 4.49429e-08 0 0 0 2.90673e-10 0 4.58307e-10 7.07791e-10 5.18877e-11 1.25824e-10 1.52015e-09 0 0 0.745219 
0.000423614 1000 101325 1 1000 88805.7 1 0.254866 23.8619 0.0537439 0.0270191 0.283072 1.39094e-06 8.91399e-05 0.00107992 0.000186351 4.10115e-05 0 0 0 3.62738e-07 1.77105e-07 4.69921e-10 2.10324e-12 3.60365e-10 9.58846e-12 8.23774e-10 6.12714e-08 0 0 0 4.4475e-10 0 3.28007e-10 1.01474e-09 3.98391e-11 1.88433e-10 1.02815e-09 0 0 0.634767 0.00454062 0.0362317 0.213711 1.98272e-06 5.97668e-05 4.5619e-05 0.000132817 5.67274e-05 0 0 0 4.56138e-07 3.26668e-07 9.05994e-10 2.64691e-12 4.68377e-10 1.80908e-11 1.62301e-09 4.37314e-08 0 0 0 2.6107e-10 0 3.98937e-10 6.81385e-10 5.3463e-11 1.1857e-10 1.33736e-09 0 0 0.745219 
0.000464855 1000 101325 1 1000 88598.3 1 0.254866 23.9178 0.0494543 0.0248498 0.288245 1.32025e-06 7.54572e-05 0.000921227 0.000162108 3.80975e-05 0 0 0 3.68701e-07 1.77031e-07 5.09119e-10 1.86008e-12 3.62739e-10 8.76042e-12 8.48957e-10 5.95468e-08 0 0 0 3.99477e-10 0 2.85086e-10 9.77127e-10 4.11183e-11 1.7778e-10 9.02726e-10 0 0 0.636252 0.00416845 0.0332448 0.217108 1.87757e-06 5.04746e-05 3.88246e-05 0.000115269 5.25737e-05 0 0 0 4.62554e-07 3.25768e-07 9.79274e-10 2.33543e-12 4.70361e-10 1.64899e-11 1.66872e-09 4.24012e-08 0 0 0 2.33947e-10 0 3.45926e-10 6.54598e-10 5.50507e-11 1.11606e-10 1.17146e-09 0 0 0.745219 
0.000513027 1000 101325 1 1000 88408 1 0.254866 23.9693 0.045478 0.0228413 0.293027 1.255e-06 6.40239e-05 0.000788245 0.000141404 3.53367e-05 0 0 0 3.74236e-07 1.76784e-07 5.49442e-10 1.64648e-12 3.64986e-10 7.96367e-12 8.73212e-10 5.77511e-08 0 0 0 3.59875e-10 0 2.48587e-10 9.40604e-10 4.23307e-11 1.67985e-10 7.94514e-10 0 0 0.637622 0.00382505 0.0304922 0.220236 1.78093e-06 4.27347e-05 3.31488e-05 0.000100331 4.86592e-05 0 0 0 4.68489e-07 3.24616e-07 1.05456e-09 2.0628e-12 4.72258e-10 1.4958e-11 1.71271e-09 4.10342e-08 0 0 0 2.10302e-10 0 3.00989e-10 6.28776e-10 5.65523e-11 1.0523e-10 1.02882e-09 0 0 0.745219 
0.000565818 1000 101325 1 1000 88242.6 1 0.254866 24.0142 0.0419921 0.0210825 0.297212 1.1974e-06 5.49236e-05 0.000682069 0.000124584 3.28725e-05 0 0 0 3.79111e-07 1.76417e-07 5.87862e-10 1.44861e-12 3.66977e-10 7.24753e-12 8.95368e-10 5.60124e-08 0 0 0 3.26861e-10 0 2.19022e-10 9.07073e-10 4.33902e-11 1.59411e-10 7.05836e-10 0 0 0.638818 0.00352525 0.0280916 0.222963 1.69601e-06 3.65918e-05 2.863e-05 8.82312e-05 4.51811e-05 0 0 0 4.73704e-07 3.23336e-07 1.12619e-09 1.8115e-12 4.73946e-10 1.35874e-11 1.75288e-09 3.97243e-08 0 0 0 1.90652e-10 0 2.64695e-10 6.05227e-10 5.78592e-11 9.96728e-11 9.12283e-10 0 0 0.745219 
0.000600133 1000 101325 1 1000 88152.5 1 0.254866 24.0387 0.0400812 0.020119 0.299502 1.16551e-06 5.0281e-05 0.000627761 0.000115872 3.14996e-05 0 0 0 3.81799e-07 1.76151e-07 6.10393e-10 1.33003e-12 3.68072e-10 6.84972e-12 9.07958e-10 5.49905e-08 0 0 0 3.09387e-10 0 2.03726e-10 8.88023e-10 4.39717e-11 1.54693e-10 6.59603e-10 0 0 0.639471 0.0033614 0.0267804 0.224451 1.64916e-06 3.34645e-05 2.63235e-05 8.19777e-05 4.325e-05 0 0 0 4.76574e-07 3.22519e-07 1.16816e-09 1.66152e-12 4.74875e-10 1.28285e-11 1.77571e-09 3.89598e-08 0 0 0 1.80275e-10 0 2.45959e-10 5.91911e-10 5.85747e-11 9.66238e-11 8.51657e-10 0 0 0.745219 
0.000613989 1000 101325 1 1000 88119.2 1 0.254866 24.0478 0.0393733 0.0197622 0.30035 1.15358e-06 4.86208e-05 0.000608314 0.000112739 3.09809e-05 0 0 0 3.82795e-07 1.76041e-07 6.20703e-10 1.38079e-12 3.68472e-10 6.70152e-12 9.12722e-10 5.45992e-08 0 0 0 3.03019e-10 0 1.98217e-10 8.80803e-10 4.42266e-11 1.5294e-10 6.42795e-10 0 0 0.639712 0.00330078 0.0262956 0.225002 1.63166e-06 3.23474e-05 2.54984e-05 7.97311e-05 4.25218e-05 0 0 0 4.77638e-07 3.22195e-07 1.18744e-09 1.72428e-12 4.75211e-10 1.25462e-11 1.78435e-09 3.86679e-08 0 0 0 1.76498e-10 0 2.39218e-10 5.86876e-10 5.8892e-11 9.54929e-11 8.29642e-10 0 0 0.745219 
0.000632946 1000 101325 1 1000 88076.2 1 0.254866 24.0596 0.0384571 0.0193005 0.301447 1.13807e-06 4.65195e-05 0.000583669 0.000108748 3.032e-05 0 0 0 3.84091e-07 1.75887e-07 6.32181e-10 1.28934e-12 3.68998e-10 6.50929e-12 9.18926e-10 5.40821e-08 0 0 0 2.94856e-10 0 1.91207e-10 8.71347e-10 4.45105e-11 1.50669e-10 6.21527e-10 0 0 0.640025 0.0032224 0.0256687 0.225713 1.60894e-06 3.09343e-05 2.44534e-05 7.68706e-05 4.15943e-05 0 0 0 4.79021e-07 3.21756e-07 1.20881e-09 1.60929e-12 4.75658e-10 1.21804e-11 1.7956e-09 3.8283e-08 0 0 0 1.7166e-10 0 2.30645e-10 5.80293e-10 5.92411e-11 9.40288e-11 8.01801e-10 0 0 0.745219 
0.000669729 1000 101325 1 1000 88000 1 0.254866 24.0804 0.0368301 0.0184808 0.303393 1.11025e-06 4.29151e-05 0.000541333 0.000101849 2.91331e-05 0 0 0 3.864e-07 1.75585e-07 6.54351e-10 1.23882e-12 3.69919e-10 6.16691e-12 9.30189e-10 5.31341e-08 0 0 0 2.80573e-10 0 1.79094e-10 8.54235e-10 4.50239e-11 1.46617e-10 5.84535e-10 0 0 0.640579 0.0030834 0.0245573 0.226974 1.56825e-06 2.85128e-05 2.26601e-05 7.19318e-05 3.99316e-05 0 0 0 4.81484e-07 3.20926e-07 1.25012e-09 1.5449e-12 4.76432e-10 1.15297e-11 1.81604e-09 3.75794e-08 0 0 0 1.63203e-10 0 2.15847e-10 5.68405e-10 5.98726e-11 9.14212e-11 7.53427e-10 0 0 0.745219 
0.000747712 1000 101325 1 1000 87864.1 1 0.254866 24.1176 0.0339123 0.0170117 0.306881 1.05926e-06 3.68507e-05 0.000469879 9.0073e-05 2.6981e-05 0 0 0 3.90577e-07 1.74941e-07 6.96475e-10 1.11202e-12 3.71546e-10 5.5513e-12 9.51197e-10 5.13331e-08 0 0 0 2.55606e-10 0 1.58412e-10 8.22373e-10 4.59321e-11 1.39269e-10 5.21031e-10 0 0 0.64157 0.00283474 0.0225702 0.229229 1.49391e-06 2.44458e-05 1.96387e-05 6.35166e-05 3.69247e-05 0 0 0 4.85937e-07 3.19256e-07 1.32854e-09 1.38463e-12 4.77788e-10 1.03627e-11 1.85419e-09 3.62495e-08 0 0 0 1.48451e-10 0 1.90625e-10 5.46358e-10 6.0986e-11 8.67051e-11 6.70537e-10 0 0 0.745219 
0.000850371 1000 101325 1 1000 87723.1 1 0.254866 24.1564 0.030867 0.0154793 0.310516 1.0041e-06 3.10383e-05 0.000401058 7.85585e-05 2.4703e-05 0 0 0 3.94995e-07 1.74116e-07 7.45251e-10 0 3.7318e-10 4.90957e-12 9.74413e-10 4.93065e-08 0 0 0 2.30322e-10 0 1.38153e-10 7.87244e-10 4.68716e-11 1.31444e-10 4.58374e-10 0 0 0.642601 0.00257604 0.0205042 0.231572 1.41385e-06 2.05569e-05 1.67354e-05 5.53081e-05 3.37529e-05 0 0 0 4.90645e-07 3.17239e-07 1.4193e-09 1.22543e-12 4.7912e-10 9.15011e-12 1.89639e-09 3.47626e-08 0 0 0 1.33552e-10 0 1.6598e-10 5.22181e-10 6.21335e-11 8.1702e-11 5.88954e-10 0 0 0.745219 
0.000973753 1000 101325 1 1000 87591.8 1 0.254866 24.1926 0.0280139 0.0140446 0.313917 9.50175e-07 2.60482e-05 0.000341613 6.8452e-05 2.25394e-05 0 0 0 3.99202e-07 1.73177e-07 7.96522e-10 0 3.74615e-10 4.31232e-12 9.97614e-10 4.72596e-08 0 0 0 2.07221e-10 0 1.20313e-10 7.52254e-10 4.77414e-11 1.23904e-10 4.02816e-10 0 0 0.643564 0.00233444 0.0185759 0.233758 1.33591e-06 1.72262e-05 1.42335e-05 4.81206e-05 3.07505e-05 0 0 0 4.95128e-07 3.15056e-07 1.51468e-09 1.08339e-12 4.80241e-10 8.02497e-12 1.93864e-09 3.32696e-08 0 0 0 1.19977e-10 0 1.4433e-10 4.98225e-10 6.31918e-11 7.69004e-11 5.16793e-10 0 0 0.745219 
0.00112506 1000 101325 1 1000 87467.9 1 0.254866 24.2269 0.0253076 0.0126844 0.31714 8.96565e-07 2.17011e-05 0.000289453 5.94391e-05 2.04609e-05 0 0 0 4.03266e-07 1.72113e-07 8.51456e-10 0 3.75842e-10 3.75275e-12 1.02117e-09 4.51724e-08 0 0 0 1.85704e-10 0 1.04329e-10 7.16818e-10 4.85524e-11 1.16496e-10 3.52709e-10 0 0 0.644476 0.00210593 0.0167531 0.235824 1.25876e-06 1.4331e-05 1.20432e-05 4.17256e-05 2.78754e-05 0 0 0 4.99462e-07 3.12679e-07 1.61685e-09 0 4.81134e-10 6.97377e-12 1.98162e-09 3.17553e-08 0 0 0 1.07367e-10 0 1.24979e-10 4.74084e-10 6.41744e-11 7.22004e-11 4.51868e-10 0 0 0.745219 
0.00130707 1000 101325 1 1000 87354 1 0.254866 24.2584 0.0228089 0.0114292 0.320112 8.44565e-07 1.80083e-05 0.000244761 5.15859e-05 1.85199e-05 0 0 0 4.07094e-07 1.70953e-07 9.09425e-10 0 3.76807e-10 3.24486e-12 1.04451e-09 4.31063e-08 0 0 0 1.66058e-10 0 9.03204e-11 6.81726e-10 4.929e-11 1.0936e-10 3.08506e-10 0 0 0.645316 0.00189553 0.0150756 0.237724 1.18421e-06 1.18769e-05 1.01704e-05 3.61656e-05 2.51982e-05 0 0 0 5.03547e-07 3.10167e-07 1.72468e-09 0 4.81742e-10 6.0221e-12 2.02426e-09 3.02634e-08 0 0 0 9.58832e-11 0 1.08056e-10 4.50288e-10 6.50645e-11 6.76894e-11 3.94724e-10 0 0 0.745219 
0.00152874 1000 101325 1 1000 87248.8 1 0.254866 24.2877 0.020488 0.0102638 0.322871 7.93765e-07 1.48463e-05 0.000206097 4.46702e-05 1.66985e-05 0 0 0 4.10722e-07 1.6969e-07 9.73648e-10 0 3.77501e-10 2.78296e-12 1.06777e-09 4.10548e-08 0 0 0 1.47883e-10 0 7.79014e-11 6.46538e-10 5.00275e-11 1.02413e-10 2.69034e-10 0 0 0.646094 0.0017006 0.0135221 0.239484 1.11164e-06 9.77968e-06 8.55354e-06 3.12794e-05 2.26926e-05 0 0 0 5.07423e-07 3.07504e-07 1.84425e-09 0 4.82046e-10 5.15864e-12 2.06685e-09 2.87884e-08 0 0 0 8.5286e-11 0 9.30863e-11 4.26532e-10 6.59585e-11 6.3313e-11 3.43806e-10 0 0 0.745219 
0.00172824 1000 101325 1 1000 87174.9 1 0.254866 24.3083 0.0188516 0.00944234 0.324814 7.56356e-07 1.2769e-05 0.000180427 3.99985e-05 1.54033e-05 0 0 0 4.13328e-07 1.6867e-07 1.02774e-09 0 3.77805e-10 2.46466e-12 1.085e-09 3.9524e-08 0 0 0 1.35e-10 0 6.9464e-11 6.19852e-10 5.06023e-11 9.72794e-11 2.41991e-10 0 0 0.646642 0.00156345 0.0124293 0.240721 1.05835e-06 8.40417e-06 7.48181e-06 2.79844e-05 2.09147e-05 0 0 0 5.10208e-07 3.05397e-07 1.94506e-09 0 4.82027e-10 4.56476e-12 2.09842e-09 2.76914e-08 0 0 0 7.77899e-11 0 8.2934e-11 4.0858e-10 6.66597e-11 6.00885e-11 3.08985e-10 0 0 0.745219 
0.00179474 1000 101325 1 1000 87153.4 1 0.254866 24.3143 0.0183769 0.00920408 0.325378 7.4526e-07 1.21899e-05 0.000173213 3.86818e-05 1.5025e-05 0 0 0 4.14093e-07 1.68352e-07 1.04315e-09 0 3.77845e-10 2.37351e-12 1.09001e-09 3.90659e-08 0 0 0 1.31278e-10 0 6.70403e-11 6.11783e-10 5.0696e-11 9.57033e-11 2.34165e-10 0 0 0.646801 0.00152371 0.0121127 0.24108 1.04257e-06 8.02103e-06 7.18089e-06 2.70566e-05 2.03961e-05 0 0 0 5.11028e-07 3.04745e-07 1.97374e-09 0 4.81958e-10 4.39486e-12 2.10759e-09 2.73638e-08 0 0 0 7.5627e-11 0 8.00206e-11 4.03162e-10 6.67668e-11 5.91004e-11 2.98919e-10 0 0 0.745219 
0.00185311 1000 101325 1 1000 87135.8 1 0.254866 24.3192 0.0179847 0.00900724 0.325843 7.35989e-07 1.17191e-05 0.000167343 3.75961e-05 1.47099e-05 0 0 0 4.14734e-07 1.6808e-07 1.05089e-09 0 3.77884e-10 2.29866e-12 1.09438e-09 3.86825e-08 0 0 0 1.28189e-10 0 6.50903e-11 6.05173e-10 5.07e-11 9.43813e-11 2.28068e-10 0 0 0.646932 0.00149088 0.0118513 0.241376 1.02939e-06 7.70971e-06 6.93615e-06 2.62918e-05 1.99643e-05 0 0 0 5.11715e-07 3.04191e-07 1.98798e-09 0 4.81911e-10 4.25541e-12 2.11561e-09 2.70897e-08 0 0 0 7.3832e-11 0 7.76773e-11 3.98726e-10 6.67586e-11 5.82723e-11 2.91078e-10 0 0 0.745219 
0.00195134 1000 101325 1 1000 87108.1 1 0.254866 24.3269 0.0173707 0.00869916 0.326572 7.21285e-07 1.0997e-05 0.000158295 3.59188e-05 1.42194e-05 0 0 0 4.15733e-07 1.67638e-07 1.07295e-09 0 3.77911e-10 2.18239e-12 1.10117e-09 3.80732e-08 0 0 0 1.23322e-10 0 6.20352e-11 5.94343e-10 5.08782e-11 9.23182e-11 2.18238e-10 0 0 0.647137 0.00143953 0.0114423 0.241839 1.0085e-06 7.23234e-06 6.55903e-06 2.51109e-05 1.92924e-05 0 0 0 5.12785e-07 3.03296e-07 2.02906e-09 0 4.81792e-10 4.03887e-12 2.12807e-09 2.66546e-08 0 0 0 7.10066e-11 0 7.40079e-11 3.91466e-10 6.69719e-11 5.69804e-11 2.78443e-10 0 0 0.745219 
0.00217586 1000 101325 1 1000 87053.2 1 0.254866 24.3423 0.0161489 0.00808612 0.328022 6.91375e-07 9.61227e-06 0.000140813 3.26449e-05 1.32393e-05 0 0 0 4.17742e-07 1.66696e-07 1.12071e-09 0 3.77857e-10 1.95438e-12 1.11493e-09 3.68263e-08 0 0 0 1.13574e-10 0 5.6052e-11 5.71855e-10 5.12332e-11 8.8074e-11 1.9891e-10 0 0 0.647545 0.00133743 0.0106292 0.242759 9.66073e-07 6.31768e-06 5.83098e-06 2.28077e-05 1.79514e-05 0 0 0 5.14937e-07 3.01401e-07 2.11806e-09 0 4.81419e-10 3.61462e-12 2.1533e-09 2.57654e-08 0 0 0 6.53525e-11 0 6.68278e-11 3.76416e-10 6.73967e-11 5.43265e-11 2.53624e-10 0 0 0.745219 
0.00253649 1000 101325 1 1000 86983.1 1 0.254866 24.3619 0.0145844 0.00730136 0.329877 6.51733e-07 7.94348e-06 0.000119453 2.8574e-05 1.19768e-05 0 0 0 4.20353e-07 1.65346e-07 1.19139e-09 0 3.77529e-10 1.66978e-12 1.13277e-09 3.51587e-08 0 0 0 1.00921e-10 0 4.85747e-11 5.40908e-10 5.1692e-11 8.23178e-11 1.74594e-10 0 0 0.648068 0.00120689 0.00958992 0.243936 9.09947e-07 5.21666e-06 4.94251e-06 1.99475e-05 1.62265e-05 0 0 0 5.17739e-07 2.98719e-07 2.24982e-09 0 4.80614e-10 3.08577e-12 2.18599e-09 2.45788e-08 0 0 0 5.80251e-11 0 5.78664e-11 3.55759e-10 6.79454e-11 5.0735e-11 2.22439e-10 0 0 0.745219 
0.00301129 1000 101325 1 1000 86913.5 1 0.254866 24.3814 0.0130272 0.00652047 0.331723 6.10688e-07 6.40127e-06 9.93321e-05 2.46483e-05 1.07119e-05 0 0 0 4.22996e-07 1.63811e-07 1.27632e-09 0 3.76817e-10 1.39583e-12 1.1501e-09 3.34149e-08 0 0 0 8.80644e-11 0 4.13287e-11 5.07118e-10 5.2157e-11 7.61361e-11 1.50816e-10 0 0 0.648587 0.00107717 0.00855741 0.245104 8.51957e-07 4.20049e-06 4.10668e-06 1.71932e-05 1.4501e-05 0 0 0 5.20577e-07 2.95709e-07 2.40828e-09 0 4.79324e-10 2.57743e-12 2.21765e-09 2.33411e-08 0 0 0 5.05925e-11 0 4.91949e-11 3.33268e-10 6.85018e-11 4.68875e-11 1.91992e-10 0 0 0.745219 
0.00359316 1000 101325 1 1000 86850.4 1 0.254866 24.3991 0.0116131 0.00581152 0.333399 5.71958e-07 5.10789e-06 8.20581e-05 2.11843e-05 9.5559e-06 0 0 0 4.25431e-07 1.6221e-07 1.37191e-09 0 3.75708e-10 1.1564e-12 1.16425e-09 3.1755e-08 0 0 0 7.60899e-11 0 3.49165e-11 4.73092e-10 5.25904e-11 7.00142e-11 1.29549e-10 0 0 0.649058 0.000959548 0.00762146 0.246164 7.97347e-07 3.34935e-06 3.39006e-06 1.47661e-05 1.29268e-05 0 0 0 5.23194e-07 2.92606e-07 2.58677e-09 0 4.77567e-10 2.13377e-12 2.24331e-09 2.21656e-08 0 0 0 4.36815e-11 0 4.15321e-11 3.10681e-10 6.90209e-11 4.30861e-11 1.64799e-10 0 0 0.745219 
0.00430083 1000 101325 1 1000 86794.1 1 0.254866 24.4149 0.0103483 0.00517753 0.334896 5.36073e-07 4.04252e-06 6.74373e-05 1.81598e-05 8.51599e-06 0 0 0 4.27631e-07 1.60568e-07 1.47966e-09 0 3.74192e-10 0 1.17371e-09 3.02078e-08 0 0 0 6.50825e-11 0 2.93207e-11 4.39121e-10 5.29834e-11 6.4002e-11 1.1085e-10 0 0 0.649478 0.000854486 0.00678562 0.247109 7.46837e-07 2.64905e-06 2.78423e-06 1.26498e-05 1.15126e-05 0 0 0 5.25559e-07 2.89457e-07 2.78812e-09 0 4.75332e-10 1.75365e-12 2.26008e-09 2.10719e-08 0 0 0 3.73382e-11 0 3.48534e-11 2.88186e-10 6.94917e-11 3.93608e-11 1.40921e-10 0 0 0.745219 
0.00517182 1000 101325 1 1000 86743.7 1 0.254866 24.4291 0.00921202 0.0046081 0.336242 5.02764e-07 3.1644e-06 5.50049e-05 1.54971e-05 7.57601e-06 0 0 0 4.29615e-07 1.58879e-07 1.60194e-09 0 3.72233e-10 0 1.17695e-09 2.87693e-08 0 0 0 5.49226e-11 0 2.44156e-11 4.04841e-10 5.33008e-11 5.8037e-11 9.42192e-11 0 0 0.649856 0.000760217 0.00603582 0.247958 7.00026e-07 2.07241e-06 2.26962e-06 1.07887e-05 1.02359e-05 0 0 0 5.27691e-07 2.86246e-07 3.01678e-09 0 4.72568e-10 1.42775e-12 2.26499e-09 2.00568e-08 0 0 0 3.14911e-11 0 2.9006e-11 2.65534e-10 6.98673e-11 3.56716e-11 1.19709e-10 0 0 0.745219 
0.00578521 1000 101325 1 1000 86716.3 1 0.254866 24.4369 0.0085931 0.00429799 0.336974 4.84321e-07 2.71999e-06 4.85302e-05 1.4064e-05 7.06329e-06 0 0 0 4.30689e-07 1.57855e-07 1.68725e-09 0 3.70869e-10 0 1.17513e-09 2.79685e-08 0 0 0 4.92544e-11 0 2.17983e-11 3.84407e-10 5.35404e-11 5.45121e-11 8.48116e-11 0 0 0.650061 0.000708917 0.00562786 0.248419 6.74134e-07 1.7808e-06 2.00183e-06 9.78797e-06 9.54014e-06 0 0 0 5.28842e-07 2.84311e-07 3.17643e-09 0 4.70688e-10 1.25732e-12 2.26079e-09 1.94923e-08 0 0 0 2.82322e-11 0 2.58884e-11 2.52051e-10 7.01592e-11 3.34945e-11 1.07722e-10 0 0 0.745219 
0.00594422 1000 101325 1 1000 86710 1 0.254866 24.4386 0.00845166 0.00422713 0.337141 4.80037e-07 2.62196e-06 4.70817e-05 1.37394e-05 6.94545e-06 0 0 0 4.30933e-07 1.57608e-07 1.70867e-09 0 3.70511e-10 0 1.1742e-09 2.7784e-08 0 0 0 4.7957e-11 0 2.12065e-11 3.79483e-10 5.35838e-11 5.36747e-11 8.28694e-11 0 0 0.650108 0.000697197 0.00553467 0.248525 6.68121e-07 1.71649e-06 1.94194e-06 9.56133e-06 9.38029e-06 0 0 0 5.29104e-07 2.83846e-07 3.21652e-09 0 4.702e-10 1.21914e-12 2.25882e-09 1.93623e-08 0 0 0 2.74866e-11 0 2.51837e-11 2.48805e-10 7.0211e-11 3.29775e-11 1.05247e-10 0 0 0.745219 
0.0063915 1000 101325 1 1000 86693.8 1 0.254866 24.4432 0.0080847 0.00404329 0.337575 4.68864e-07 2.3738e-06 4.33765e-05 1.28975e-05 6.64011e-06 0 0 0 4.31565e-07 1.56947e-07 1.76802e-09 0 3.69522e-10 0 1.1707e-09 2.73035e-08 0 0 0 4.45586e-11 0 1.96805e-11 3.66343e-10 5.36975e-11 5.14404e-11 7.75922e-11 0 0 0.65023 0.000666801 0.00529298 0.248798 6.52449e-07 1.55374e-06 1.78878e-06 8.97381e-06 8.96624e-06 0 0 0 5.29781e-07 2.82603e-07 3.32763e-09 0 4.68856e-10 1.12143e-12 2.25167e-09 1.90239e-08 0 0 0 2.5534e-11 0 2.33671e-11 2.40145e-10 7.03468e-11 3.15989e-11 9.85267e-11 0 0 0.745219 
0.00743515 1000 101325 1 1000 86662.6 1 0.254866 24.452 0.00738002 0.00369031 0.338409 4.47154e-07 1.92364e-06 3.64925e-05 1.12914e-05 6.05233e-06 0 0 0 4.32761e-07 1.55578e-07 1.90346e-09 0 3.67275e-10 0 1.15837e-09 2.63746e-08 0 0 0 3.79628e-11 0 1.67985e-11 3.39235e-10 5.39065e-11 4.68777e-11 6.74836e-11 0 0 0.650464 0.000608462 0.00482915 0.249323 6.22015e-07 1.25865e-06 1.50435e-06 7.85347e-06 8.16961e-06 0 0 0 5.31058e-07 2.80037e-07 3.58124e-09 0 4.65838e-10 0 2.22716e-09 1.83701e-08 1.04429e-12 0 0 2.17465e-11 0 1.99381e-11 2.22296e-10 7.05953e-11 2.87857e-11 8.566e-11 0 0 0.745219 
0.00899063 1000 101325 1 1000 86628.3 1 0.254866 24.4617 0.00660124 0.00330028 0.33933 4.22744e-07 1.46936e-06 2.92676e-05 9.53101e-06 5.40046e-06 0 0 0 4.34038e-07 1.53881e-07 2.09983e-09 0 3.64117e-10 0 1.13235e-09 2.53461e-08 0 0 0 3.06059e-11 0 1.37003e-11 3.05863e-10 5.41076e-11 4.13516e-11 5.64007e-11 0 0 0.650722 0.000544038 0.00431705 0.249902 5.87826e-07 9.61022e-07 1.20604e-06 6.62644e-06 7.28681e-06 0 0 0 5.32414e-07 2.76873e-07 3.94914e-09 0 4.6165e-10 0 2.17627e-09 1.76467e-08 1.25024e-12 0 0 1.75252e-11 0 1.62544e-11 2.00347e-10 7.08304e-11 2.53823e-11 7.15636e-11 0 0 0.745219 
