t[s](1)             x[m](2)             y[m](3)             z[m](4)             T[K](5)             P[Pa](6)            QR[W/m3](7)         GROUP1_w(8)     GROUP2_w(9)     GROUP1_x(10)    GROUP2_x(11)    
0.000000e+00        0.000000e+00        0.000000e+00        0.000000e+00        1.000000e+03        1.013250e+05        -6.184911e+01       0.000000e+00    0.000000e+00    0.000000e+00    0.000000e+00    
2.449025e-05        0.000000e+00        0.000000e+00        0.000000e+00        1.000000e+03        1.013250e+05        9.340617e+02        0.000000e+00    0.000000e+00    0.000000e+00    0.000000e+00    
4.531940e-05        0.000000e+00        0.000000e+00        0.000000e+00        1.000000e+03        1.013250e+05        6.001890e+03        0.000000e+00    0.000000e+00    0.000000e+00    0.000000e+00    
6.094358e-05        0.000000e+00        0.000000e+00        0.000000e+00        1.000000e+03        1.013250e+05        2.220054e+04        0.000000e+00    0.000000e+00    0.000000e+00    0.000000e+00    
7.461675e-05        0.000000e+00        0.000000e+00        0.000000e+00        1.000000e+03        1.013250e+05        6.830135e+04        0.000000e+00    0.000000e+00    0.000000e+00    0.000000e+00    
8.438330e-05        0.000000e+00        0.000000e+00        0.000000e+00        1.000000e+03        1.013249e+05        1.526395e+05        0.000000e+00    0.000000e+00    0.000000e+00    0.000000e+00    
9.479630e-05        0.000000e+00        0.000000e+00        0.000000e+00        1.000000e+03        1.013249e+05        3.629852e+05        0.000000e+00    0.000000e+00    0.000000e+00    0.000000e+00    
1.077951e-04        0.000000e+00        0.000000e+00        0.000000e+00        1.000000e+03        1.013246e+05        1.107643e+06        0.000000e+00    0.000000e+00    0.000000e+00    0.000000e+00    
1.155943e-04        0.000000e+00        0.000000e+00        0.000000e+00        1.000000e+03        1.013242e+05        2.251914e+06        0.000000e+00    0.000000e+00    0.000000e+00    0.000000e+00    
1.227221e-04        0.000000e+00        0.000000e+00        0.000000e+00        1.000000e+03        1.013236e+05        4.523578e+06        0.000000e+00    0.000000e+00    0.000000e+00    0.000000e+00    
1.307925e-04        0.000000e+00        0.000000e+00        0.000000e+00        1.000000e+03        1.013221e+05        1.087433e+07        0.000000e+00    0.000000e+00    0.000000e+00    0.000000e+00    
1.380558e-04        0.000000e+00        0.000000e+00        0.000000e+00        1.000000e+03        1.013193e+05        2.654607e+07        0.000000e+00    0.000000e+00    0.000000e+00    0.000000e+00    
1.420910e-04        0.000000e+00        0.000000e+00        0.000000e+00        1.000000e+03        1.013165e+05        4.540925e+07        0.000000e+00    0.000000e+00    0.000000e+00    0.000000e+00    
1.475478e-04        0.000000e+00        0.000000e+00        0.000000e+00        1.000000e+03        1.013100e+05        9.618492e+07        0.000000e+00    0.000000e+00    0.000000e+00    0.000000e+00    
1.543202e-04        0.000000e+00        0.000000e+00        0.000000e+00        1.000000e+03        1.012925e+05        2.397960e+08        0.000000e+00    0.000000e+00    0.000000e+00    0.000000e+00    
1.584266e-04        0.000000e+00        0.000000e+00        0.000000e+00        1.000000e+03        1.012717e+05        4.085549e+08        0.000000e+00    0.000000e+00    0.000000e+00    0.000000e+00    
1.625331e-04        0.000000e+00        0.000000e+00        0.000000e+00        1.000000e+03        1.012365e+05        6.906455e+08        0.000000e+00    0.000000e+00    0.000000e+00    0.000000e+00    
1.641756e-04        0.000000e+00        0.000000e+00        0.000000e+00        1.000000e+03        1.012164e+05        8.505269e+08        0.000000e+00    0.000000e+00    0.000000e+00    0.000000e+00    
1.656129e-04        0.000000e+00        0.000000e+00        0.000000e+00        1.000000e+03        1.011950e+05        1.019447e+09        0.000000e+00    0.000000e+00    0.000000e+00    0.000000e+00    
1.684787e-04        0.000000e+00        0.000000e+00        0.000000e+00        1.000000e+03        1.011389e+05        1.457474e+09        0.000000e+00    0.000000e+00    0.000000e+00    0.000000e+00    
1.725636e-04        0.000000e+00        0.000000e+00        0.000000e+00        1.000000e+03        1.010150e+05        2.394825e+09        0.000000e+00    0.000000e+00    0.000000e+00    0.000000e+00    
1.735849e-04        0.000000e+00        0.000000e+00        0.000000e+00        1.000000e+03        1.009732e+05        2.702323e+09        0.000000e+00    0.000000e+00    0.000000e+00    0.000000e+00    
1.756273e-04        0.000000e+00        0.000000e+00        0.000000e+00        1.000000e+03        1.008728e+05        3.421868e+09        0.000000e+00    0.000000e+00    0.000000e+00    0.000000e+00    
1.792780e-04        0.000000e+00        0.000000e+00        0.000000e+00        1.000000e+03        1.006236e+05        5.090658e+09        0.000000e+00    0.000000e+00    0.000000e+00    0.000000e+00    
1.815485e-04        0.000000e+00        0.000000e+00        0.000000e+00        1.000000e+03        1.004120e+05        6.375533e+09        0.000000e+00    0.000000e+00    0.000000e+00    0.000000e+00    
1.838190e-04        0.000000e+00        0.000000e+00        0.000000e+00        1.000000e+03        1.001487e+05        7.807170e+09        0.000000e+00    0.000000e+00    0.000000e+00    0.000000e+00    
1.874805e-04        0.000000e+00        0.000000e+00        0.000000e+00        1.000000e+03        9.960482e+04        1.019642e+10        0.000000e+00    0.000000e+00    0.000000e+00    0.000000e+00    
1.916910e-04        0.000000e+00        0.000000e+00        0.000000e+00        1.000000e+03        9.880747e+04        1.243971e+10        0.000000e+00    0.000000e+00    0.000000e+00    0.000000e+00    
1.933752e-04        0.000000e+00        0.000000e+00        0.000000e+00        1.000000e+03        9.844881e+04        1.301681e+10        0.000000e+00    0.000000e+00    0.000000e+00    0.000000e+00    
1.952699e-04        0.000000e+00        0.000000e+00        0.000000e+00        1.000000e+03        9.802889e+04        1.339676e+10        0.000000e+00    0.000000e+00    0.000000e+00    0.000000e+00    
1.994092e-04        0.000000e+00        0.000000e+00        0.000000e+00        1.000000e+03        9.709379e+04        1.328280e+10        0.000000e+00    0.000000e+00    0.000000e+00    0.000000e+00    
2.046659e-04        0.000000e+00        0.000000e+00        0.000000e+00        1.000000e+03        9.597170e+04        1.185938e+10        0.000000e+00    0.000000e+00    0.000000e+00    0.000000e+00    
2.105605e-04        0.000000e+00        0.000000e+00        0.000000e+00        1.000000e+03        9.489579e+04        9.721206e+09        0.000000e+00    0.000000e+00    0.000000e+00    0.000000e+00    
2.190066e-04        0.000000e+00        0.000000e+00        0.000000e+00        1.000000e+03        9.370706e+04        7.051965e+09        0.000000e+00    0.000000e+00    0.000000e+00    0.000000e+00    
2.274528e-04        0.000000e+00        0.000000e+00        0.000000e+00        1.000000e+03        9.284178e+04        5.185843e+09        0.000000e+00    0.000000e+00    0.000000e+00    0.000000e+00    
2.320982e-04        0.000000e+00        0.000000e+00        0.000000e+00        1.000000e+03        9.246496e+04        4.437845e+09        0.000000e+00    0.000000e+00    0.000000e+00    0.000000e+00    
2.337874e-04        0.000000e+00        0.000000e+00        0.000000e+00        1.000000e+03        9.234164e+04        4.203998e+09        0.000000e+00    0.000000e+00    0.000000e+00    0.000000e+00    
2.349739e-04        0.000000e+00        0.000000e+00        0.000000e+00        1.000000e+03        9.225889e+04        4.050496e+09        0.000000e+00    0.000000e+00    0.000000e+00    0.000000e+00    
2.366330e-04        0.000000e+00        0.000000e+00        0.000000e+00        1.000000e+03        9.214819e+04        3.849237e+09        0.000000e+00    0.000000e+00    0.000000e+00    0.000000e+00    
2.405043e-04        0.000000e+00        0.000000e+00        0.000000e+00        1.000000e+03        9.191033e+04        3.433971e+09        0.000000e+00    0.000000e+00    0.000000e+00    0.000000e+00    
2.493530e-04        0.000000e+00        0.000000e+00        0.000000e+00        1.000000e+03        9.145478e+04        2.708111e+09        0.000000e+00    0.000000e+00    0.000000e+00    0.000000e+00    
2.604139e-04        0.000000e+00        0.000000e+00        0.000000e+00        1.000000e+03        9.101065e+04        2.092833e+09        0.000000e+00    0.000000e+00    0.000000e+00    0.000000e+00    
2.738870e-04        0.000000e+00        0.000000e+00        0.000000e+00        1.000000e+03        9.059503e+04        1.601435e+09        0.000000e+00    0.000000e+00    0.000000e+00    0.000000e+00    
2.885245e-04        0.000000e+00        0.000000e+00        0.000000e+00        1.000000e+03        9.024618e+04        1.251089e+09        0.000000e+00    0.000000e+00    0.000000e+00    0.000000e+00    
3.049089e-04        0.000000e+00        0.000000e+00        0.000000e+00        1.000000e+03        8.993957e+04        9.881345e+08        0.000000e+00    0.000000e+00    0.000000e+00    0.000000e+00    
3.128913e-04        0.000000e+00        0.000000e+00        0.000000e+00        1.000000e+03        8.981345e+04        8.916369e+08        0.000000e+00    0.000000e+00    0.000000e+00    0.000000e+00    
3.163837e-04        0.000000e+00        0.000000e+00        0.000000e+00        1.000000e+03        8.976214e+04        8.542776e+08        0.000000e+00    0.000000e+00    0.000000e+00    0.000000e+00    
3.197235e-04        0.000000e+00        0.000000e+00        0.000000e+00        1.000000e+03        8.971506e+04        8.209536e+08        0.000000e+00    0.000000e+00    0.000000e+00    0.000000e+00    
3.252071e-04        0.000000e+00        0.000000e+00        0.000000e+00        1.000000e+03        8.964164e+04        7.707200e+08        0.000000e+00    0.000000e+00    0.000000e+00    0.000000e+00    
3.384138e-04        0.000000e+00        0.000000e+00        0.000000e+00        1.000000e+03        8.948207e+04        6.688541e+08        0.000000e+00    0.000000e+00    0.000000e+00    0.000000e+00    
3.614747e-04        0.000000e+00        0.000000e+00        0.000000e+00        1.000000e+03        8.924961e+04        5.375489e+08        0.000000e+00    0.000000e+00    0.000000e+00    0.000000e+00    
3.900043e-04        0.000000e+00        0.000000e+00        0.000000e+00        1.000000e+03        8.902008e+04        4.264630e+08        0.000000e+00    0.000000e+00    0.000000e+00    0.000000e+00    
4.236135e-04        0.000000e+00        0.000000e+00        0.000000e+00        1.000000e+03        8.880575e+04        3.380534e+08        0.000000e+00    0.000000e+00    0.000000e+00    0.000000e+00    
4.648545e-04        0.000000e+00        0.000000e+00        0.000000e+00        1.000000e+03        8.859834e+04        2.653777e+08        0.000000e+00    0.000000e+00    0.000000e+00    0.000000e+00    
5.130258e-04        0.000000e+00        0.000000e+00        0.000000e+00        1.000000e+03        8.840800e+04        2.088359e+08        0.000000e+00    0.000000e+00    0.000000e+00    0.000000e+00    
5.658173e-04        0.000000e+00        0.000000e+00        0.000000e+00        1.000000e+03        8.824259e+04        1.668819e+08        0.000000e+00    0.000000e+00    0.000000e+00    0.000000e+00    
6.001318e-04        0.000000e+00        0.000000e+00        0.000000e+00        1.000000e+03        8.815247e+04        1.466154e+08        0.000000e+00    0.000000e+00    0.000000e+00    0.000000e+00    
6.139884e-04        0.000000e+00        0.000000e+00        0.000000e+00        1.000000e+03        8.811918e+04        1.395612e+08        0.000000e+00    0.000000e+00    0.000000e+00    0.000000e+00    
6.329440e-04        0.000000e+00        0.000000e+00        0.000000e+00        1.000000e+03        8.807617e+04        1.308028e+08        0.000000e+00    0.000000e+00    0.000000e+00    0.000000e+00    
6.697266e-04        0.000000e+00        0.000000e+00        0.000000e+00        1.000000e+03        8.800000e+04        1.161949e+08        0.000000e+00    0.000000e+00    0.000000e+00    0.000000e+00    
7.477090e-04        0.000000e+00        0.000000e+00        0.000000e+00        1.000000e+03        8.786407e+04        9.288477e+07        0.000000e+00    0.000000e+00    0.000000e+00    0.000000e+00    
8.503676e-04        0.000000e+00        0.000000e+00        0.000000e+00        1.000000e+03        8.772307e+04        7.217586e+07        0.000000e+00    0.000000e+00    0.000000e+00    0.000000e+00    
9.737486e-04        0.000000e+00        0.000000e+00        0.000000e+00        1.000000e+03        8.759175e+04        5.580534e+07        0.000000e+00    0.000000e+00    0.000000e+00    0.000000e+00    
1.125060e-03        0.000000e+00        0.000000e+00        0.000000e+00        1.000000e+03        8.746786e+04        4.272233e+07        0.000000e+00    0.000000e+00    0.000000e+00    0.000000e+00    
1.307059e-03        0.000000e+00        0.000000e+00        0.000000e+00        1.000000e+03        8.735404e+04        3.256178e+07        0.000000e+00    0.000000e+00    0.000000e+00    0.000000e+00    
1.528729e-03        0.000000e+00        0.000000e+00        0.000000e+00        1.000000e+03        8.724880e+04        2.462829e+07        0.000000e+00    0.000000e+00    0.000000e+00    0.000000e+00    
1.728231e-03        0.000000e+00        0.000000e+00        0.000000e+00        1.000000e+03        8.717486e+04        1.983659e+07        0.000000e+00    0.000000e+00    0.000000e+00    0.000000e+00    
1.794732e-03        0.000000e+00        0.000000e+00        0.000000e+00        1.000000e+03        8.715345e+04        1.856450e+07        0.000000e+00    0.000000e+00    0.000000e+00    0.000000e+00    
1.853099e-03        0.000000e+00        0.000000e+00        0.000000e+00        1.000000e+03        8.713578e+04        1.755036e+07        0.000000e+00    0.000000e+00    0.000000e+00    0.000000e+00    
1.951325e-03        0.000000e+00        0.000000e+00        0.000000e+00        1.000000e+03        8.710814e+04        1.603354e+07        0.000000e+00    0.000000e+00    0.000000e+00    0.000000e+00    
2.175843e-03        0.000000e+00        0.000000e+00        0.000000e+00        1.000000e+03        8.705322e+04        1.325697e+07        0.000000e+00    0.000000e+00    0.000000e+00    0.000000e+00    
2.536471e-03        0.000000e+00        0.000000e+00        0.000000e+00        1.000000e+03        8.698308e+04        1.015263e+07        0.000000e+00    0.000000e+00    0.000000e+00    0.000000e+00    
3.011268e-03        0.000000e+00        0.000000e+00        0.000000e+00        1.000000e+03        8.691346e+04        7.536632e+06        0.000000e+00    0.000000e+00    0.000000e+00    0.000000e+00    
3.593133e-03        0.000000e+00        0.000000e+00        0.000000e+00        1.000000e+03        8.685041e+04        5.545779e+06        0.000000e+00    0.000000e+00    0.000000e+00    0.000000e+00    
4.300790e-03        0.000000e+00        0.000000e+00        0.000000e+00        1.000000e+03        8.679415e+04        4.057116e+06        0.000000e+00    0.000000e+00    0.000000e+00    0.000000e+00    
5.171786e-03        0.000000e+00        0.000000e+00        0.000000e+00        1.000000e+03        8.674372e+04        2.941982e+06        0.000000e+00    0.000000e+00    0.000000e+00    0.000000e+00    
5.785180e-03        0.000000e+00        0.000000e+00        0.000000e+00        1.000000e+03        8.671630e+04        2.419067e+06        0.000000e+00    0.000000e+00    0.000000e+00    0.000000e+00    
5.944185e-03        0.000000e+00        0.000000e+00        0.000000e+00        1.000000e+03        8.671003e+04        2.307717e+06        0.000000e+00    0.000000e+00    0.000000e+00    0.000000e+00    
6.391467e-03        0.000000e+00        0.000000e+00        0.000000e+00        1.000000e+03        8.669380e+04        2.032463e+06        0.000000e+00    0.000000e+00    0.000000e+00    0.000000e+00    
7.435125e-03        0.000000e+00        0.000000e+00        0.000000e+00        1.000000e+03        8.666265e+04        1.558539e+06        0.000000e+00    0.000000e+00    0.000000e+00    0.000000e+00    
8.990601e-03        0.000000e+00        0.000000e+00        0.000000e+00        1.000000e+03        8.662827e+04        1.115710e+06        0.000000e+00    0.000000e+00    0.000000e+00    0.000000e+00    
