<NumberOfElements>
4
</NumberOfElements>
<NamesOfElements>
H O N RH 
</NamesOfElements>
<AtomicComposition>
2.0000000000e+00 0. 0. 0. 
0. 2.0000000000e+00 0. 0. 
2.0000000000e+00 1.0000000000e+00 0. 0. 
0. 1.0000000000e+00 0. 0. 
1.0000000000e+00 0. 0. 0. 
1.0000000000e+00 1.0000000000e+00 0. 0. 
0. 0. 2.0000000000e+00 0. 
0. 0. 0. 1.0000000000e+00 
2.0000000000e+00 1.0000000000e+00 0. 1.0000000000e+00 
1.0000000000e+00 0. 0. 1.0000000000e+00 
1.0000000000e+00 1.0000000000e+00 0. 1.0000000000e+00 
0. 1.0000000000e+00 0. 1.0000000000e+00 
</AtomicComposition>
<NumberOfSpecies>
12
</NumberOfSpecies>
<NamesOfSpecies>
H2 O2 H2O O H OH N2 Rh(s) H2O(s) H(s) OH(s) O(s) 
</NamesOfSpecies>
<Thermodynamics type="NASA">
<NASA-coefficients>
2.991422200000000142e+00 7.000644100000000128e-04 -5.633828000000000121e-08 -9.231578199999999899e-12 1.582751999999999967e-15 -8.350335460000000012e+02 -1.355106410000000094e+00 3.298124000000000056e+00 8.249441200000000437e-04 -8.143014700000000178e-07 -9.475434300000000206e-11 4.134871999999999872e-13 -1.012520999999999958e+03 -3.294093999999999856e+00 3.000000000000000000e+02 5.000000000000000000e+03 1.000000000000000000e+03 2.016000032424925870e+00
3.697576849999999915e+00 6.135196900000000403e-04 -1.258842000000000017e-07 1.775281000000000016e-11 -1.136435000000000095e-15 -1.233929660000000013e+03 3.189171249999999791e+00 3.212936000000000014e+00 1.127486100000000060e-03 -5.756149899999999998e-07 1.313877000000000094e-09 -8.768553900000000467e-13 -1.005249000000000024e+03 6.034739000000000075e+00 3.000000000000000000e+02 5.000000000000000000e+03 1.000000000000000000e+03 3.199799919128417969e+01
3.033992490000000153e+00 2.176918040000000183e-03 -1.640725179999999881e-07 -9.704198699999999844e-11 1.682009919999999907e-14 -3.000429709999999977e+04 4.966770099999999744e+00 4.198640560000000299e+00 -2.036434100000000195e-03 6.520402109999999681e-06 -5.487970620000000304e-09 1.771978170000000002e-12 -3.029372669999999925e+04 -8.490322080000000105e-01 2.000000000000000000e+02 3.500000000000000000e+03 1.000000000000000000e+03 1.801499962806701660e+01
2.569420780000000182e+00 -8.597411370000000426e-05 4.194845890000000184e-08 -1.001777989999999929e-11 1.228336909999999923e-15 2.921757909999999902e+04 4.784338639999999643e+00 3.168267100000000003e+00 -3.279318839999999929e-03 6.643063959999999683e-06 -6.128066240000000119e-09 2.112659709999999920e-12 2.912225920000000042e+04 2.051933459999999876e+00 3.000000000000000000e+02 5.000000000000000000e+03 1.000000000000000000e+03 1.599899959564208984e+01
2.500000009999999939e+00 -2.308429729999999854e-11 1.615619480000000105e-14 -4.735152350000000269e-18 4.981973570000000163e-22 2.547365989999999874e+04 -4.466829139999999865e-01 2.500000000000000000e+00 7.053328189999999881e-13 -1.995919639999999965e-15 2.300816319999999866e-18 -9.277323320000000578e-22 2.547365989999999874e+04 -4.466828529999999908e-01 2.000000000000000000e+02 3.500000000000000000e+03 1.000000000000000000e+03 1.008000016212462935e+00
3.092887670000000089e+00 5.484297159999999751e-04 1.265052279999999869e-07 -8.794615559999999478e-11 1.174123760000000029e-14 3.858657000000000153e+03 4.476696099999999845e+00 3.992015429999999920e+00 -2.401317520000000125e-03 4.617938409999999649e-06 -3.881133329999999962e-09 1.364114700000000018e-12 3.615080559999999878e+03 -1.039254579999999983e-01 2.000000000000000000e+02 3.500000000000000000e+03 1.000000000000000000e+03 1.700699961185455322e+01
2.926637879999999914e+00 1.487976999999999920e-03 -5.684760300000000172e-07 1.009703999999999996e-10 -6.753350899999999815e-15 -9.227953840000000127e+02 5.980540180000000205e+00 3.298677000000000081e+00 1.408239900000000022e-03 -3.963221799999999901e-06 5.641514800000000177e-09 -2.444853999999999914e-12 -1.020899999999999977e+03 3.950372000000000217e+00 3.000000000000000000e+02 5.000000000000000000e+03 1.000000000000000000e+03 2.801399993896480112e+01
0.000000000000000000e+00 0.000000000000000000e+00 0.000000000000000000e+00 0.000000000000000000e+00 0.000000000000000000e+00 0.000000000000000000e+00 0.000000000000000000e+00 0.000000000000000000e+00 0.000000000000000000e+00 0.000000000000000000e+00 0.000000000000000000e+00 0.000000000000000000e+00 0.000000000000000000e+00 0.000000000000000000e+00 3.000000000000000000e+02 3.000000000000000000e+03 1.000000000000000000e+03 1.029050000000000011e+02
0.000000000000000000e+00 0.000000000000000000e+00 0.000000000000000000e+00 0.000000000000000000e+00 0.000000000000000000e+00 0.000000000000000000e+00 0.000000000000000000e+00 0.000000000000000000e+00 0.000000000000000000e+00 0.000000000000000000e+00 0.000000000000000000e+00 0.000000000000000000e+00 0.000000000000000000e+00 0.000000000000000000e+00 3.000000000000000000e+02 3.000000000000000000e+03 1.000000000000000000e+03 1.209199996280670177e+02
0.000000000000000000e+00 0.000000000000000000e+00 0.000000000000000000e+00 0.000000000000000000e+00 0.000000000000000000e+00 0.000000000000000000e+00 0.000000000000000000e+00 0.000000000000000000e+00 0.000000000000000000e+00 0.000000000000000000e+00 0.000000000000000000e+00 0.000000000000000000e+00 0.000000000000000000e+00 0.000000000000000000e+00 3.000000000000000000e+02 3.000000000000000000e+03 1.000000000000000000e+03 1.039130000162124645e+02
0.000000000000000000e+00 0.000000000000000000e+00 0.000000000000000000e+00 0.000000000000000000e+00 0.000000000000000000e+00 0.000000000000000000e+00 0.000000000000000000e+00 0.000000000000000000e+00 0.000000000000000000e+00 0.000000000000000000e+00 0.000000000000000000e+00 0.000000000000000000e+00 0.000000000000000000e+00 0.000000000000000000e+00 3.000000000000000000e+02 3.000000000000000000e+03 1.000000000000000000e+03 1.199119996118545544e+02
0.000000000000000000e+00 0.000000000000000000e+00 0.000000000000000000e+00 0.000000000000000000e+00 0.000000000000000000e+00 0.000000000000000000e+00 0.000000000000000000e+00 0.000000000000000000e+00 0.000000000000000000e+00 0.000000000000000000e+00 0.000000000000000000e+00 0.000000000000000000e+00 0.000000000000000000e+00 0.000000000000000000e+00 3.000000000000000000e+02 3.000000000000000000e+03 1.000000000000000000e+03 1.189039995956420910e+02
</NASA-coefficients>
</Thermodynamics>
<Transport type="none">
</Transport>
<NumberOfMaterials>
1
</NumberOfMaterials>
<NumberOfSiteSpecies>
5
</NumberOfSiteSpecies>
<NumberOfBulkSpecies>
0
</NumberOfBulkSpecies>
<SiteSpecies>
Rh(s)
H2O(s)
H(s)
OH(s)
O(s)
</SiteSpecies>
<BulkSpecies>
</BulkSpecies>
<MaterialDescription index="1" name="MAT-1">
<NumberOfSites>
1
</NumberOfSites>
<NumberOfBulks>
0
</NumberOfBulks>
<Site index="1" name="RH_SURFACE">
2.489999999999999797e-08
5
Rh(s) 1.000000000000000000e+00 0
H2O(s) 1.000000000000000000e+00 1
H(s) 1.000000000000000000e+00 2
OH(s) 1.000000000000000000e+00 3
O(s) 1.000000000000000000e+00 4
</Site>
</MaterialDescription>
<Kinetics type="OpenSMOKE" version="01-02-2014">
<MaterialKinetics index="1" name="MAT-1">
<NumberOfSpecies>
12
</NumberOfSpecies>
<NumberOfReactions>
18
</NumberOfReactions>
<Irreversible>
18
1 2 3 4 5 6 7 8 9 10 11 12 13 14 15 16 17 18 
</Irreversible>
<Reversible>
0
</Reversible>
<Reversible-Thermodynamics>
0
</Reversible-Thermodynamics>
<Reversible-Explicit>
0
</Reversible-Explicit>
<CoverageDependent>
0
</CoverageDependent>
<Langmuir>
0
</Langmuir>
<Lumped>
0
</Lumped>
<Stick>
0
</Stick>
<ReactionsNeedingConversion>
0
</ReactionsNeedingConversion>
<TypeOfKinetics>
UBIQEP
</TypeOfKinetics>
<HeatsOfChemisorption>
7
5
0
3.000000000000000000e+02
0.000000000000000000e+00 0.000000000000000000e+00 0 
2.500000000000000000e+00 1.080000000000000071e+01 2 4 2.500000000000000000e+01 2 -4.500000000000000000e+00 
1.500000000000000000e+00 6.229999999999999716e+01 1 3 -2.500000000000000000e+00 
2.000000000000000000e+00 7.000000000000000000e+01 3 5 -3.300000000000000000e+01 2 2.500000000000000000e+01 4 -2.500000000000000000e+01 
1.500000000000000000e+00 1.000000000000000000e+02 1 5 -2.600000000000000000e+01 
</HeatsOfChemisorption>
<UBIParameters>
<UBIDirect>
9
7.730000000000000204e-01 9.386999999999999789e-01 5.000000000000000000e-01 2 0
1
1 1 3 5
4.809999999999999692e-02 1.996499999999999941e+00 5.000000000000000000e-01 2 0
2
2 1 5 4
1.820000000000000000e+14 -2.659000000000000252e-01 6.999999999999999556e-01 5 2
4 1 3 5 5 4 6
1.150000000000000000e+11 2.809999999999999998e-02 5.500000000000000444e-01 5 2
2 1 3 4 5 6 3
2.080000000000000000e+13 -2.112999999999999989e+00 8.000000000000000444e-01 8 2
2 5 4 6 4 3
2.660000000000000142e-01 -2.891000000000000236e-01 5.000000000000000000e-01 1 0
6
6 1 4
7.720000000000000473e-02 1.406700000000000061e+00 5.000000000000000000e-01 1 0
3
3 1 2
1.930000000000000049e-01 1.531300000000000106e+00 5.000000000000000000e-01 1 0
5
5 1 3
4.460000000000000075e-02 -1.923599999999999977e+00 5.000000000000000000e-01 1 0
4
4 1 5
</UBIDirect>
<UBIReverse>
9
5.560000000000000000e+11 -4.346999999999999753e-01 5.000000000000000000e-01 2 1
4.310000000000000000e+12 1.199500000000000011e+00 5.000000000000000000e-01 2 1
1.640000000000000000e+14 -8.195999999999999952e-01 6.999999999999999556e-01 5 2
3.600000000000000000e+08 1.297199999999999909e+00 5.500000000000000444e-01 5 2
7.220000000000000000e+10 -2.902000000000000135e-01 8.000000000000000444e-01 8 2
1.140000000000000000e+13 -9.499999999999999556e-01 5.000000000000000000e-01 1 1
2.060000000000000000e+13 -1.861299999999999955e+00 5.000000000000000000e-01 1 1
2.400000000000000000e+12 1.320799999999999974e+00 5.000000000000000000e-01 1 1
9.740000000000000000e+12 -1.970099999999999962e+00 5.000000000000000000e-01 1 1
</UBIreverse>
</UBIParameters>
<ConservationOfSites>
0
</ConservationOfSites>
<ThermodynamicReversibleReactions>
0
</ThermodynamicReversibleReactions>
<KineticParameters>
<Direct>
<lnA>
18
-9.4678166023708972e+00
2.4741449038202948e+01
-1.2244813473846603e+01
2.6789373927050161e+01
3.0532442710011299e+01
3.0428302450758700e+01
2.3165612872315616e+01
1.7399029496420383e+01
2.8363389009641775e+01
2.2700120789851145e+01
-8.2320142491825745e+00
3.0064634471328997e+01
-9.4691111009335440e+00
3.0656312191724084e+01
-8.5528203690593880e+00
2.8506489853282449e+01
-1.0017776698938256e+01
2.9907262233582991e+01

</lnA>
<Beta>
18
9.3869999999999998e-01
-4.3469999999999998e-01
1.9964999999999999e+00
1.1995000000000000e+00
-2.6590000000000003e-01
-8.1960000000000000e-01
2.8100000000000000e-02
1.2971999999999999e+00
-2.1130000000000000e+00
-2.9020000000000001e-01
-2.8910000000000002e-01
-9.4999999999999996e-01
1.4067000000000001e+00
-1.8613000000000000e+00
1.5313000000000001e+00
1.3208000000000000e+00
-1.9236000000000000e+00
-1.9701000000000000e+00

</Beta>
<E_over_R>
18
2.5163564098752700e-01
2.5163564098752700e-01
2.5163564098752700e-01
2.5163564098752700e-01
3.5228989738253780e-01
3.5228989738253780e-01
2.7679920508627975e-01
2.7679920508627975e-01
4.0261702558004325e-01
4.0261702558004325e-01
2.5163564098752700e-01
2.5163564098752700e-01
2.5163564098752700e-01
2.5163564098752700e-01
2.5163564098752700e-01
2.5163564098752700e-01
2.5163564098752700e-01
2.5163564098752700e-01

</E_over_R>
<ForwardKineticOrder>
18
1.0000000000000000e+00
0.0000000000000000e+00
1.0000000000000000e+00
0.0000000000000000e+00
0.0000000000000000e+00
0.0000000000000000e+00
0.0000000000000000e+00
0.0000000000000000e+00
0.0000000000000000e+00
0.0000000000000000e+00
1.0000000000000000e+00
0.0000000000000000e+00
1.0000000000000000e+00
0.0000000000000000e+00
1.0000000000000000e+00
0.0000000000000000e+00
1.0000000000000000e+00
0.0000000000000000e+00

</ForwardKineticOrder>
</Direct>
</KineticParameters>
<Stoichiometry type="OpenSMOKE" version="01-02-2014">
12
1 1 1 1 1 1 0 6 3 3 3 3 
12
0 0 0 0 0 0 0 2 0 1 1 1 
12
0 0 0 0 0 0 0 0 0 0 0 0 
12
0 0 0 0 0 0 0 0 0 0 0 0 
12
0 0 0 0 0 0 0 0 0 0 0 0 
12
1 1 1 1 1 1 0 6 3 3 3 3 
12
0 0 0 0 0 0 0 2 0 1 1 1 
12
0 0 0 0 0 0 0 0 0 0 0 0 
12
0 0 0 0 0 0 0 0 0 0 0 0 
12
0 0 0 0 0 0 0 0 0 0 0 0 
12
0 0 0 0 0 0 0 0 0 0 0 0 
12
0 0 0 0 0 0 0 0 0 0 0 0 
12
0 0 0 0 0 0 0 0 0 0 0 0 
12
0 0 0 0 0 0 0 0 0 0 0 0 
12
0 0 0 0 0 0 0 0 0 0 0 0 
24
1 3 13 17 15 11 5 7 11 13 15 17 7 9 14 6 8 16 5 8 12 6 9 18 
5
1 3 2 10 4 
0

0

0

0

24
2 4 14 18 16 12 6 8 12 14 16 18 8 10 13 5 7 15 6 7 11 5 10 17 
5
2 4 1 9 3 
0

0

0

0

0

0

0

0

0

0

18
-1.0000000000000000e+00 1.0000000000000000e+00 -1.0000000000000000e+00 1.0000000000000000e+00 0.0000000000000000e+00 0.0000000000000000e+00 0.0000000000000000e+00 0.0000000000000000e+00 0.0000000000000000e+00 0.0000000000000000e+00 -1.0000000000000000e+00 1.0000000000000000e+00 -1.0000000000000000e+00 1.0000000000000000e+00 -1.0000000000000000e+00 1.0000000000000000e+00 -1.0000000000000000e+00 1.0000000000000000e+00 
0
0
</Stoichiometry>
</MaterialKinetics>
</Kinetics>
</opensmoke>
