#(1)                phi[-](2)           P0[Pa](3)           T0[K](4)            TE[K](5)            rho0[kg/m3](6)      rhoE[kg/m3](7)      MW[kg/kmol](8)      MW[kg/kmol](9)      H0[J/kg](10)        HE[J/kg](11)        U0[J/kg](12)        UE[J/kg](13)        S0[J/kg/K](14)      SE[J/kg/K](15)      G0[J/kg](16)        GE[J/kg](17)        N2_x0(18)       N2_xE(19)       O2_x0(20)       O2_xE(21)       CH4_x0(22)      CH4_xE(23)      N2_w0(24)       N2_wE(25)       O2_w0(26)       O2_wE(27)       CH4_w0(28)      CH4_wE(29)      
1                   7.500000e-01        1.013250e+05        3.000000e+02        1.925616e+03        1.133988e+00        1.765724e-01        2.791563e+01        2.790038e+01        -1.936972e+05       -1.936972e+05       -2.830500e+05       -7.675412e+05       7.167254e+03        9.476893e+03        -2.343873e+06       -1.844256e+07       7.322295e-01    7.318294e-01    1.947422e-01    4.845273e-02    7.302832e-02    1.424827e-22    7.348097e-01    7.348097e-01    2.232212e-01    5.556880e-02    4.196908e-02    8.192898e-23    
2                   8.000000e-01        1.013250e+05        3.000000e+02        2.003140e+03        1.131652e+00        1.693224e-01        2.785811e+01        2.783193e+01        -2.061620e+05       -2.061620e+05       -2.956992e+05       -8.045765e+05       7.183405e+03        9.563557e+03        -2.361183e+06       -1.936331e+07       7.286819e-01    7.279971e-01    1.937987e-01    3.856165e-02    7.751947e-02    1.875195e-21    7.327595e-01    7.327595e-01    2.225984e-01    4.433382e-02    4.464211e-02    1.080908e-21    
3                   8.500000e-01        1.013250e+05        3.000000e+02        2.075301e+03        1.129338e+00        1.629958e-01        2.780114e+01        2.775716e+01        -2.185574e+05       -2.185573e+05       -3.082781e+05       -8.401993e+05       7.199382e+03        9.646551e+03        -2.378372e+06       -2.023806e+07       7.251684e-01    7.240212e-01    1.928643e-01    2.896399e-02    8.196731e-02    2.089494e-20    7.307207e-01    7.307207e-01    2.219790e-01    3.338922e-02    4.730027e-02    1.207680e-20    
4                   9.000000e-01        1.013250e+05        3.000000e+02        2.140294e+03        1.127046e+00        1.575599e-01        2.774472e+01        2.767176e+01        -2.308839e+05       -2.308839e+05       -3.207871e+05       -8.739724e+05       7.215193e+03        9.726062e+03        -2.395442e+06       -2.104752e+07       7.216887e-01    7.197910e-01    1.919388e-01    1.987965e-02    8.637246e-02    2.099824e-19    7.286932e-01    7.286932e-01    2.213631e-01    2.298766e-02    4.994368e-02    1.217395e-19    
5                   9.500000e-01        1.013250e+05        3.000000e+02        2.194739e+03        1.124776e+00        1.530752e-01        2.768884e+01        2.756799e+01        -2.431423e+05       -2.431420e+05       -3.332269e+05       -9.050717e+05       7.230844e+03        9.802158e+03        -2.412395e+06       -2.175632e+07       7.182423e-01    7.151076e-01    1.910222e-01    1.171364e-02    9.073554e-02    2.078520e-18    7.266769e-01    7.266769e-01    2.207506e-01    1.359595e-02    5.257246e-02    1.209580e-18    
6                   1.000000e+00        1.013250e+05        3.000000e+02        2.231477e+03        1.122527e+00        1.498015e-01        2.763349e+01        2.743001e+01        -2.553330e+05       -2.553328e+05       -3.455981e+05       -9.317281e+05       7.246340e+03        9.874726e+03        -2.429235e+06       -2.229055e+07       7.148286e-01    7.095649e-01    1.901143e-01    5.233559e-03    9.505714e-02    2.313440e-17    7.246718e-01    7.246718e-01    2.201415e-01    6.105117e-03    5.518673e-02    1.353063e-17    
7                   1.050000e+00        1.013250e+05        3.000000e+02        2.237993e+03        1.120300e+00        1.482825e-01        2.757866e+01        2.723117e+01        -2.674567e+05       -2.674560e+05       -3.579012e+05       -9.507800e+05       7.261686e+03        9.943437e+03        -2.445962e+06       -2.252080e+07       7.114472e-01    7.024829e-01    1.892150e-01    1.541567e-03    9.933786e-02    3.040770e-16    7.226777e-01    7.226777e-01    2.195357e-01    1.811419e-03    5.778661e-02    1.791442e-16    
8                   1.100000e+00        1.013250e+05        3.000000e+02        2.214139e+03        1.118094e+00        1.484576e-01        2.752435e+01        2.697273e+01        -2.795138e+05       -2.795137e+05       -3.701368e+05       -9.620317e+05       7.276887e+03        1.000816e+04        -2.462580e+06       -2.243896e+07       7.080976e-01    6.939065e-01    1.883241e-01    3.652352e-04    1.035783e-01    3.185942e-15    7.206945e-01    7.206945e-01    2.189333e-01    4.332819e-04    6.037223e-02    1.894953e-15    
9                   1.150000e+00        1.013250e+05        3.000000e+02        2.177632e+03        1.115908e+00        1.493831e-01        2.747055e+01        2.669337e+01        -2.915049e+05       -2.915049e+05       -3.823053e+05       -9.697946e+05       7.291946e+03        1.006938e+04        -2.479089e+06       -2.221891e+07       7.047794e-01    6.848404e-01    1.874416e-01    9.519411e-05    1.077789e-01    2.042658e-14    7.187222e-01    7.187222e-01    2.183341e-01    1.141115e-04    6.294369e-02    1.227659e-14    
10                  1.200000e+00        1.013250e+05        3.000000e+02        2.137986e+03        1.113743e+00        1.505556e-01        2.741725e+01        2.641310e+01        -3.034305e+05       -3.034305e+05       -3.944075e+05       -9.764378e+05       7.306869e+03        1.012774e+04        -2.495491e+06       -2.195639e+07       7.014922e-01    6.758002e-01    1.865674e-01    2.841648e-05    1.119404e-01    9.003795e-14    7.167606e-01    7.167606e-01    2.177382e-01    3.442499e-05    6.550112e-02    5.468798e-14    
