------------------------------
  Elements     Atomic Weight  
------------------------------
  1.	C         12.01099968
  2.	H          1.00800002
  3.	O         15.99899960
  4.	N         14.00699997
  5.	AR        39.94800186
------------------------------


----------------------------------------------------------------------------------------------------------------------
                                                Molecular        Temperature        Elements
  Species                  Phase  Charge         weight         Low      High       C       H       O       N      AR
----------------------------------------------------------------------------------------------------------------------
    1. AR                    G      0           39.948002    300.00   3500.00       0       0       0       0       1
    2. N2                    G      0           28.014000    300.00   3500.00       0       0       0       2       0
    3. O2                    G      0           31.997999    300.00   3500.00       0       0       2       0       0
    4. H2                    G      0            2.016000    300.00   3500.00       0       2       0       0       0
    5. H2O                   G      0           18.015000    300.00   3500.00       0       2       1       0       0
    6. H2O2                  G      0           34.013999    300.00   3500.00       0       2       2       0       0
    7. CO                    G      0           28.009999    300.00   3500.00       1       0       1       0       0
    8. CO2                   G      0           44.008999    300.00   3500.00       1       0       2       0       0
    9. CH2O                  G      0           30.025999    300.00   3500.00       1       2       1       0       0
   10. CH4                   G      0           16.043000    300.00   3500.00       1       4       0       0       0
   11. CH3OH                 G      0           32.041999    300.00   3500.00       1       4       1       0       0
   12. C2H2                  G      0           26.037999    300.00   3500.00       2       2       0       0       0
   13. CH2CO                 G      0           42.036999    300.00   3500.00       2       2       1       0       0
   14. C2H4                  G      0           28.053999    300.00   3500.00       2       4       0       0       0
   15. C2H4O                 G      0           44.052999    300.00   3500.00       2       4       1       0       0
   16. CH3CHO                G      0           44.052999    300.00   3500.00       2       4       1       0       0
   17. C2H6                  G      0           30.069999    300.00   3500.00       2       6       0       0       0
   18. C3H2                  G      0           38.048999    300.00   3500.00       3       2       0       0       0
   19. PC3H4                 G      0           40.064999    300.00   3500.00       3       4       0       0       0
   20. AC3H4                 G      0           40.064999    300.00   3500.00       3       4       0       0       0
   21. C2H3CHO               G      0           56.063999    300.00   3500.00       3       4       1       0       0
   22. C3H6                  G      0           42.080999    300.00   3500.00       3       6       0       0       0
   23. CH3COCH3              G      0           58.079999    300.00   3500.00       3       6       1       0       0
   24. C2H5CHO               G      0           58.079999    300.00   3500.00       3       6       1       0       0
   25. C3H8                  G      0           44.096999    300.00   3500.00       3       8       0       0       0
   26. C4H2                  G      0           50.059999    300.00   3500.00       4       2       0       0       0
   27. C4H4                  G      0           52.075999    300.00   3500.00       4       4       0       0       0
   28. C4H6                  G      0           54.091999    300.00   3500.00       4       6       0       0       0
   29. IC3H5CHO              G      0           70.090998    300.00   3500.00       4       6       1       0       0
   30. NC4H8                 G      0           56.107999    300.00   3500.00       4       8       0       0       0
   31. CYC5H6                G      0           66.102998    300.00   3500.00       5       6       0       0       0
   32. C5H8                  G      0           68.118999    300.00   3500.00       5       8       0       0       0
   33. NC5H10                G      0           70.134999    300.00   3500.00       5      10       0       0       0
   34. BENZYNE               G      0           76.097998    300.00   3500.00       6       4       0       0       0
   35. C6H4O2                G      0          108.095997    300.00   3500.00       6       4       2       0       0
   36. C6H6                  G      0           78.113998    300.00   3500.00       6       6       0       0       0
   37. C6H5OH                G      0           94.112998    300.00   3500.00       6       6       1       0       0
   38. MCPTD                 G      0           80.129998    300.00   3500.00       6       8       0       0       0
   39. C6H5CHO               G      0          106.123997    300.00   3500.00       7       6       1       0       0
   40. C7H8                  G      0           92.140998    300.00   3500.00       7       8       0       0       0
   41. CRESOL                G      0          108.139997    300.00   3500.00       7       8       1       0       0
   42. C6H5OCH3              G      0          108.139997    300.00   3500.00       7       8       1       0       0
   43. NC7H14                G      0           98.188998    300.00   3500.00       7      14       0       0       0
   44. NC7H16                G      0          100.204998    300.00   3500.00       7      16       0       0       0
   45. C6H5C2H               G      0          102.135998    300.00   3500.00       8       6       0       0       0
   46. BZFUR                 G      0          118.134997    300.00   3500.00       8       6       1       0       0
   47. C6H5C2H3              G      0          104.151998    300.00   3500.00       8       8       0       0       0
   48. C6H5C2H5              G      0          106.167998    300.00   3500.00       8      10       0       0       0
   49. XYLENE                G      0          106.167998    300.00   3500.00       8      10       0       0       0
   50. INDENE                G      0          116.162997    300.00   3500.00       9       8       0       0       0
   51. NPBENZ                G      0          120.194997    300.00   3500.00       9      12       0       0       0
   52. C10H8                 G      0          128.173997    300.00   3500.00      10       8       0       0       0
   53. C10H7OH               G      0          144.172997    300.00   3500.00      10       8       1       0       0
   54. C10H7CH3              G      0          142.200997    300.00   3500.00      11      10       0       0       0
   55. C12H8                 G      0          152.195996    300.00   3500.00      12       8       0       0       0
   56. DIBZFUR               G      0          168.194996    300.00   3500.00      12       8       1       0       0
   57. BIPHENYL              G      0          154.211996    300.00   3500.00      12      10       0       0       0
   58. FLUORENE              G      0          166.222996    300.00   3500.00      13      10       0       0       0
   59. C6H5CH2C6H5           G      0          168.238996    300.00   3500.00      13      12       0       0       0
   60. C14H10                G      0          178.233996    300.00   3500.00      14      10       0       0       0
   61. C6H5C2H4C6H5          G      0          182.265996    300.00   3500.00      14      14       0       0       0
   62. C16H10                G      0          202.255995    300.00   3500.00      16      10       0       0       0
   63. O                     G      0           15.999000    300.00   3500.00       0       0       1       0       0
   64. H                     G      0            1.008000    300.00   3500.00       0       1       0       0       0
   65. OH                    G      0           17.007000    300.00   3500.00       0       1       1       0       0
   66. HO2                   G      0           33.005999    300.00   3500.00       0       1       2       0       0
   67. CSOLID                S      0           12.011000    300.00   3500.00       1       0       0       0       0
   68. CH                    G      0           13.019000    300.00   3500.00       1       1       0       0       0
   69. HCO                   G      0           29.017999    300.00   3500.00       1       1       1       0       0
   70. CH2S                  G      0           14.027000    300.00   3500.00       1       2       0       0       0
   71. CH2                   G      0           14.027000    300.00   3500.00       1       2       0       0       0
   72. CH3                   G      0           15.035000    300.00   3500.00       1       3       0       0       0
   73. CH2OH                 G      0           31.033999    300.00   3500.00       1       3       1       0       0
   74. CH3O                  G      0           31.033999    300.00   3500.00       1       3       1       0       0
   75. CH3OO                 G      0           47.032999    300.00   3500.00       1       3       2       0       0
   76. C2H                   G      0           25.029999    300.00   3500.00       2       1       0       0       0
   77. HCCO                  G      0           41.028999    300.00   3500.00       2       1       1       0       0
   78. C2H3                  G      0           27.045999    300.00   3500.00       2       3       0       0       0
   79. CH3CO                 G      0           43.044999    300.00   3500.00       2       3       1       0       0
   80. CH2CHO                G      0           43.044999    300.00   3500.00       2       3       1       0       0
   81. C2H5                  G      0           29.061999    300.00   3500.00       2       5       0       0       0
   82. C2H5OO                G      0           61.059999    300.00   3500.00       2       5       2       0       0
   83. C2-QOOH               G      0           61.059999    300.00   3500.00       2       5       2       0       0
   84. C3H3                  G      0           39.056999    300.00   3500.00       3       3       0       0       0
   85. CHCHCH3               G      0           41.072999    300.00   3500.00       3       5       0       0       0
   86. CH2CCH3               G      0           41.072999    300.00   3500.00       3       5       0       0       0
   87. CH2CHCH2              G      0           41.072999    300.00   3500.00       3       5       0       0       0
   88. C2H4CHO               G      0           57.071999    300.00   3500.00       3       5       1       0       0
   89. CH3COCH2              G      0           57.071999    300.00   3500.00       3       5       1       0       0
   90. NC3H7                 G      0           43.088999    300.00   3500.00       3       7       0       0       0
   91. IC3H7                 G      0           43.088999    300.00   3500.00       3       7       0       0       0
   92. C4H3                  G      0           51.067999    300.00   3500.00       4       3       0       0       0
   93. C4H5                  G      0           53.083999    300.00   3500.00       4       5       0       0       0
   94. SC4H7                 G      0           55.099999    300.00   3500.00       4       7       0       0       0
   95. CH2C3H5               G      0           55.099999    300.00   3500.00       4       7       0       0       0
   96. NC4H9S                G      0           57.115999    300.00   3500.00       4       9       0       0       0
   97. NC4H9P                G      0           57.115999    300.00   3500.00       4       9       0       0       0
   98. CYC5H5                G      0           65.094998    300.00   3500.00       5       5       0       0       0
   99. C5H7                  G      0           67.110999    300.00   3500.00       5       7       0       0       0
  100. NC5H9-4               G      0           69.126999    300.00   3500.00       5       9       0       0       0
  101. NC5H9-5               G      0           69.126999    300.00   3500.00       5       9       0       0       0
  102. NC5H9-3               G      0           69.126999    300.00   3500.00       5       9       0       0       0
  103. NC5H11                G      0           71.142999    300.00   3500.00       5      11       0       0       0
  104. LC6H5                 G      0           77.105998    300.00   3500.00       6       5       0       0       0
  105. C6H5                  G      0           77.105998    300.00   3500.00       6       5       0       0       0
  106. C6H5O                 G      0           93.104998    300.00   3500.00       6       5       1       0       0
  107. C6H4CH3               G      0           91.132998    300.00   3500.00       7       7       0       0       0
  108. C7H7                  G      0           91.132998    300.00   3500.00       7       7       0       0       0
  109. RCRESOLO              G      0          107.131997    300.00   3500.00       7       7       1       0       0
  110. RCRESOLC              G      0          107.131997    300.00   3500.00       7       7       1       0       0
  111. NC7H13                G      0           97.180998    300.00   3500.00       7      13       0       0       0
  112. NC7H15                G      0           99.196998    300.00   3500.00       7      15       0       0       0
  113. C6H4C2H               G      0          101.127998    300.00   3500.00       8       5       0       0       0
  114. C6H5C2H2              G      0          103.143998    300.00   3500.00       8       7       0       0       0
  115. RXYLENE               G      0          105.159998    300.00   3500.00       8       9       0       0       0
  116. INDENYL               G      0          115.154997    300.00   3500.00       9       7       0       0       0
  117. C10H7                 G      0          127.165997    300.00   3500.00      10       7       0       0       0
  118. C10H7O                G      0          143.164997    300.00   3500.00      10       7       1       0       0
  119. RTETRALIN             G      0          131.197997    300.00   3500.00      10      11       0       0       0
  120. C10H7CH2              G      0          141.192997    300.00   3500.00      11       9       0       0       0
  121. C12H7                 G      0          151.187996    300.00   3500.00      12       7       0       0       0
  122. RBIPHENYL             G      0          153.203996    300.00   3500.00      12       9       0       0       0
  123. C14H9                 G      0          177.225996    300.00   3500.00      14       9       0       0       0
  124. C16H9                 G      0          201.247995    300.00   3500.00      16       9       0       0       0
  125. NC7H16(L)             L      0          100.204998    300.00   3500.00       7      16       0       0       0
----------------------------------------------------------------------------------------------------------------------

----------------------------------------------------------------------------------------------------------------------
                                                Molecular        Temperature        Elements
  Species                  Phase  Charge         weight         Low      High       C       H       O       N      AR
----------------------------------------------------------------------------------------------------------------------
   64. H                     G      0            1.008000    300.00   3500.00       0       1       0       0       0
    4. H2                    G      0            2.016000    300.00   3500.00       0       2       0       0       0
    6. H2O2                  G      0           34.013999    300.00   3500.00       0       2       2       0       0
    5. H2O                   G      0           18.015000    300.00   3500.00       0       2       1       0       0
   66. HO2                   G      0           33.005999    300.00   3500.00       0       1       2       0       0
   65. OH                    G      0           17.007000    300.00   3500.00       0       1       1       0       0
   63. O                     G      0           15.999000    300.00   3500.00       0       0       1       0       0
    1. AR                    G      0           39.948002    300.00   3500.00       0       0       0       0       1
    2. N2                    G      0           28.014000    300.00   3500.00       0       0       0       2       0
    3. O2                    G      0           31.997999    300.00   3500.00       0       0       2       0       0
   10. CH4                   G      0           16.043000    300.00   3500.00       1       4       0       0       0
   72. CH3                   G      0           15.035000    300.00   3500.00       1       3       0       0       0
   73. CH2OH                 G      0           31.033999    300.00   3500.00       1       3       1       0       0
   11. CH3OH                 G      0           32.041999    300.00   3500.00       1       4       1       0       0
   75. CH3OO                 G      0           47.032999    300.00   3500.00       1       3       2       0       0
   74. CH3O                  G      0           31.033999    300.00   3500.00       1       3       1       0       0
   71. CH2                   G      0           14.027000    300.00   3500.00       1       2       0       0       0
   67. CSOLID                S      0           12.011000    300.00   3500.00       1       0       0       0       0
   70. CH2S                  G      0           14.027000    300.00   3500.00       1       2       0       0       0
    9. CH2O                  G      0           30.025999    300.00   3500.00       1       2       1       0       0
    7. CO                    G      0           28.009999    300.00   3500.00       1       0       1       0       0
   69. HCO                   G      0           29.017999    300.00   3500.00       1       1       1       0       0
    8. CO2                   G      0           44.008999    300.00   3500.00       1       0       2       0       0
   68. CH                    G      0           13.019000    300.00   3500.00       1       1       0       0       0
   76. C2H                   G      0           25.029999    300.00   3500.00       2       1       0       0       0
   83. C2-QOOH               G      0           61.059999    300.00   3500.00       2       5       2       0       0
   82. C2H5OO                G      0           61.059999    300.00   3500.00       2       5       2       0       0
   16. CH3CHO                G      0           44.052999    300.00   3500.00       2       4       1       0       0
   13. CH2CO                 G      0           42.036999    300.00   3500.00       2       2       1       0       0
   14. C2H4                  G      0           28.053999    300.00   3500.00       2       4       0       0       0
   17. C2H6                  G      0           30.069999    300.00   3500.00       2       6       0       0       0
   15. C2H4O                 G      0           44.052999    300.00   3500.00       2       4       1       0       0
   78. C2H3                  G      0           27.045999    300.00   3500.00       2       3       0       0       0
   81. C2H5                  G      0           29.061999    300.00   3500.00       2       5       0       0       0
   77. HCCO                  G      0           41.028999    300.00   3500.00       2       1       1       0       0
   80. CH2CHO                G      0           43.044999    300.00   3500.00       2       3       1       0       0
   79. CH3CO                 G      0           43.044999    300.00   3500.00       2       3       1       0       0
   12. C2H2                  G      0           26.037999    300.00   3500.00       2       2       0       0       0
   21. C2H3CHO               G      0           56.063999    300.00   3500.00       3       4       1       0       0
   23. CH3COCH3              G      0           58.079999    300.00   3500.00       3       6       1       0       0
   85. CHCHCH3               G      0           41.072999    300.00   3500.00       3       5       0       0       0
   86. CH2CCH3               G      0           41.072999    300.00   3500.00       3       5       0       0       0
   24. C2H5CHO               G      0           58.079999    300.00   3500.00       3       6       1       0       0
   87. CH2CHCH2              G      0           41.072999    300.00   3500.00       3       5       0       0       0
   88. C2H4CHO               G      0           57.071999    300.00   3500.00       3       5       1       0       0
   89. CH3COCH2              G      0           57.071999    300.00   3500.00       3       5       1       0       0
   22. C3H6                  G      0           42.080999    300.00   3500.00       3       6       0       0       0
   91. IC3H7                 G      0           43.088999    300.00   3500.00       3       7       0       0       0
   90. NC3H7                 G      0           43.088999    300.00   3500.00       3       7       0       0       0
   20. AC3H4                 G      0           40.064999    300.00   3500.00       3       4       0       0       0
   19. PC3H4                 G      0           40.064999    300.00   3500.00       3       4       0       0       0
   25. C3H8                  G      0           44.096999    300.00   3500.00       3       8       0       0       0
   84. C3H3                  G      0           39.056999    300.00   3500.00       3       3       0       0       0
   18. C3H2                  G      0           38.048999    300.00   3500.00       3       2       0       0       0
   95. CH2C3H5               G      0           55.099999    300.00   3500.00       4       7       0       0       0
   94. SC4H7                 G      0           55.099999    300.00   3500.00       4       7       0       0       0
   30. NC4H8                 G      0           56.107999    300.00   3500.00       4       8       0       0       0
   28. C4H6                  G      0           54.091999    300.00   3500.00       4       6       0       0       0
   29. IC3H5CHO              G      0           70.090998    300.00   3500.00       4       6       1       0       0
   97. NC4H9P                G      0           57.115999    300.00   3500.00       4       9       0       0       0
   96. NC4H9S                G      0           57.115999    300.00   3500.00       4       9       0       0       0
   27. C4H4                  G      0           52.075999    300.00   3500.00       4       4       0       0       0
   92. C4H3                  G      0           51.067999    300.00   3500.00       4       3       0       0       0
   26. C4H2                  G      0           50.059999    300.00   3500.00       4       2       0       0       0
   93. C4H5                  G      0           53.083999    300.00   3500.00       4       5       0       0       0
   32. C5H8                  G      0           68.118999    300.00   3500.00       5       8       0       0       0
   98. CYC5H5                G      0           65.094998    300.00   3500.00       5       5       0       0       0
  100. NC5H9-4               G      0           69.126999    300.00   3500.00       5       9       0       0       0
  101. NC5H9-5               G      0           69.126999    300.00   3500.00       5       9       0       0       0
  102. NC5H9-3               G      0           69.126999    300.00   3500.00       5       9       0       0       0
   33. NC5H10                G      0           70.134999    300.00   3500.00       5      10       0       0       0
  103. NC5H11                G      0           71.142999    300.00   3500.00       5      11       0       0       0
   99. C5H7                  G      0           67.110999    300.00   3500.00       5       7       0       0       0
   31. CYC5H6                G      0           66.102998    300.00   3500.00       5       6       0       0       0
   37. C6H5OH                G      0           94.112998    300.00   3500.00       6       6       1       0       0
   36. C6H6                  G      0           78.113998    300.00   3500.00       6       6       0       0       0
  105. C6H5                  G      0           77.105998    300.00   3500.00       6       5       0       0       0
  104. LC6H5                 G      0           77.105998    300.00   3500.00       6       5       0       0       0
   38. MCPTD                 G      0           80.129998    300.00   3500.00       6       8       0       0       0
  106. C6H5O                 G      0           93.104998    300.00   3500.00       6       5       1       0       0
   35. C6H4O2                G      0          108.095997    300.00   3500.00       6       4       2       0       0
   34. BENZYNE               G      0           76.097998    300.00   3500.00       6       4       0       0       0
   39. C6H5CHO               G      0          106.123997    300.00   3500.00       7       6       1       0       0
  111. NC7H13                G      0           97.180998    300.00   3500.00       7      13       0       0       0
   40. C7H8                  G      0           92.140998    300.00   3500.00       7       8       0       0       0
   41. CRESOL                G      0          108.139997    300.00   3500.00       7       8       1       0       0
  125. NC7H16(L)             L      0          100.204998    300.00   3500.00       7      16       0       0       0
   44. NC7H16                G      0          100.204998    300.00   3500.00       7      16       0       0       0
  112. NC7H15                G      0           99.196998    300.00   3500.00       7      15       0       0       0
   43. NC7H14                G      0           98.188998    300.00   3500.00       7      14       0       0       0
   42. C6H5OCH3              G      0          108.139997    300.00   3500.00       7       8       1       0       0
  109. RCRESOLO              G      0          107.131997    300.00   3500.00       7       7       1       0       0
  107. C6H4CH3               G      0           91.132998    300.00   3500.00       7       7       0       0       0
  110. RCRESOLC              G      0          107.131997    300.00   3500.00       7       7       1       0       0
  108. C7H7                  G      0           91.132998    300.00   3500.00       7       7       0       0       0
   47. C6H5C2H3              G      0          104.151998    300.00   3500.00       8       8       0       0       0
   46. BZFUR                 G      0          118.134997    300.00   3500.00       8       6       1       0       0
   45. C6H5C2H               G      0          102.135998    300.00   3500.00       8       6       0       0       0
  113. C6H4C2H               G      0          101.127998    300.00   3500.00       8       5       0       0       0
  114. C6H5C2H2              G      0          103.143998    300.00   3500.00       8       7       0       0       0
   49. XYLENE                G      0          106.167998    300.00   3500.00       8      10       0       0       0
   48. C6H5C2H5              G      0          106.167998    300.00   3500.00       8      10       0       0       0
  115. RXYLENE               G      0          105.159998    300.00   3500.00       8       9       0       0       0
   50. INDENE                G      0          116.162997    300.00   3500.00       9       8       0       0       0
  116. INDENYL               G      0          115.154997    300.00   3500.00       9       7       0       0       0
   51. NPBENZ                G      0          120.194997    300.00   3500.00       9      12       0       0       0
   53. C10H7OH               G      0          144.172997    300.00   3500.00      10       8       1       0       0
  118. C10H7O                G      0          143.164997    300.00   3500.00      10       7       1       0       0
   52. C10H8                 G      0          128.173997    300.00   3500.00      10       8       0       0       0
  117. C10H7                 G      0          127.165997    300.00   3500.00      10       7       0       0       0
  119. RTETRALIN             G      0          131.197997    300.00   3500.00      10      11       0       0       0
  120. C10H7CH2              G      0          141.192997    300.00   3500.00      11       9       0       0       0
   54. C10H7CH3              G      0          142.200997    300.00   3500.00      11      10       0       0       0
  122. RBIPHENYL             G      0          153.203996    300.00   3500.00      12       9       0       0       0
   56. DIBZFUR               G      0          168.194996    300.00   3500.00      12       8       1       0       0
   55. C12H8                 G      0          152.195996    300.00   3500.00      12       8       0       0       0
   57. BIPHENYL              G      0          154.211996    300.00   3500.00      12      10       0       0       0
  121. C12H7                 G      0          151.187996    300.00   3500.00      12       7       0       0       0
   59. C6H5CH2C6H5           G      0          168.238996    300.00   3500.00      13      12       0       0       0
   58. FLUORENE              G      0          166.222996    300.00   3500.00      13      10       0       0       0
   61. C6H5C2H4C6H5          G      0          182.265996    300.00   3500.00      14      14       0       0       0
  123. C14H9                 G      0          177.225996    300.00   3500.00      14       9       0       0       0
   60. C14H10                G      0          178.233996    300.00   3500.00      14      10       0       0       0
   62. C16H10                G      0          202.255995    300.00   3500.00      16      10       0       0       0
  124. C16H9                 G      0          201.247995    300.00   3500.00      16       9       0       0       0
----------------------------------------------------------------------------------------------------------------------

---------------------------------------------------------------------------------------
                                LIQUID MECHANISM                                       
---------------------------------------------------------------------------------------

       Number of materials:       1
       Number of liquid species:   1

       Materials: 
       LIQUIDMIX

       ------------------------------------------------------------------------------------------------------------------
       LIQUIDMIX               global-index    liquid-index    local-index     
       ------------------------------------------------------------------------------------------------------------------
       NC7H16(L)               125             1               1               

--------------------------------------------------------------------------------------------------------
                                  CHEMICAL REACTIONS                                                  

                         Units: [kmol, m3, s] and [cal/mol]                                           
--------------------------------------------------------------------------------------------------------


