<?xml version="1.0" encoding="utf-8"?>
<opensmoke version="0.1a">
<coefficients>
2.38953e-35 4.57473e-32 -6.43379e-31 3.03563e-28 1.72338e-32 2.88795e-52 5.88184e-42 
1.14172e-32 3.93237e-28 -5.52366e-27 1.37912e-25 7.83834e-30 2.51768e-48 4.97653e-38 
5.63272e-31 1.14201e-25 -1.76540e-24 6.75217e-24 3.83825e-28 8.06816e-46 1.44201e-35 
3.17683e-30 1.48216e-24 -2.65275e-23 3.80168e-23 2.16098e-27 1.21354e-44 1.87075e-34 
4.94488e-29 8.72322e-23 -2.51369e-21 5.90826e-22 3.35675e-26 1.15202e-42 1.10105e-32 
5.18207e-28 2.87513e-21 -1.73025e-19 6.18726e-21 3.50883e-25 7.95464e-41 3.63282e-31 
3.48220e-27 4.89877e-20 -6.23754e-18 4.15627e-20 2.34677e-24 2.88391e-39 6.20539e-30 
2.09788e-26 7.09969e-19 -1.86691e-16 2.50350e-19 1.39954e-23 8.73434e-38 9.04416e-29 
1.00082e-25 7.17359e-18 -3.55985e-15 1.19422e-18 6.55834e-23 1.70062e-36 9.23084e-28 
3.98892e-25 5.48295e-17 -4.56316e-14 4.75960e-18 2.54607e-22 2.25458e-35 7.16598e-27 
6.29213e-25 1.05897e-16 -1.01470e-13 7.50781e-18 3.97332e-22 5.09082e-35 1.39336e-26 
1.37266e-24 3.28569e-16 -3.95327e-13 1.63789e-17 8.49355e-22 2.04741e-34 4.38188e-26 
4.14714e-24 1.66152e-15 -2.59398e-12 4.94869e-17 2.49187e-21 1.42227e-33 2.26557e-25 
1.26454e-23 8.54144e-15 -1.57126e-11 1.50910e-16 7.41320e-21 9.18457e-33 1.19196e-24 
3.75390e-23 4.25132e-14 -8.56748e-11 4.48066e-16 2.16433e-20 5.29456e-32 6.05492e-24 
1.00673e-22 1.83672e-13 -3.88078e-10 1.20196e-15 5.74968e-20 2.49362e-31 2.65859e-23 
2.48563e-22 7.07405e-13 -1.53443e-09 2.96882e-15 1.41196e-19 1.01207e-30 1.03836e-22 
5.71775e-22 2.46774e-12 -5.43592e-09 6.83316e-15 3.23695e-19 3.64715e-30 3.67208e-22 
1.28440e-21 8.36489e-12 -1.86089e-08 1.53627e-14 7.25003e-19 1.26208e-29 1.26448e-21 
2.68437e-21 2.55773e-11 -5.72453e-08 3.21456e-14 1.51017e-18 3.90072e-29 3.93764e-21 
5.49288e-21 7.63076e-11 -1.71481e-07 6.58894e-14 3.07455e-18 1.16711e-28 1.20286e-20 
1.29782e-20 2.88642e-10 -6.50785e-07 1.56184e-13 7.18531e-18 4.37458e-28 4.74242e-20 
2.65275e-20 8.82697e-10 -1.99358e-06 3.20611e-13 1.44531e-17 1.30888e-27 1.52380e-19 
5.10084e-20 2.50038e-09 -5.65283e-06 6.20307e-13 2.71239e-17 3.56970e-27 4.60662e-19 
8.88663e-20 6.21321e-09 -1.40537e-05 1.08988e-12 4.57290e-17 8.40696e-27 1.23919e-18 
1.38036e-19 1.32502e-08 -2.99751e-05 1.71222e-12 6.82435e-17 1.67755e-26 2.89396e-18 
1.88883e-19 2.38402e-08 -5.39285e-05 2.37806e-12 8.93853e-17 2.80607e-26 5.74133e-18 
</coefficients>
</opensmoke>
