t[s](1)           t[s/mm2](2)       D[mm](3)          D2[mm2](4)        (D/D0)^2[-](5)    S[mm2](6)         V[mm3](7)         dD/dt[mm/s](8)    dD2/dt[mm2/s](9)  dS/dt[mm2/s](10)  Kv[kg/m2/s](11)   T[K](12)          VL[m/s](13)       VG[m/s](14)       WL_NC7H16(15)         WG_NC7H16(16)         dHev[W/m2](17)    QcondL[W/m2](18)  QcondG[W/m2](19)  Qrad[W/m2](20)    Qfiber[W/m2](21)  QBuoy[W/m2](22)   hBuoy[W/m2/K](23) QConv[W/m2](24)   hConv[W/m2/K](25) NC7H16(26)            O2(27)                H2O(28)               CO2(29)               CO(30)                N2(31)                
0.000000e+00      0.000000e+00      1.005000e+00      1.010025e+00      1.000000e+00      3.173087e+00      5.314921e-01      6.548078e-02      1.316164e-01      4.134850e-01      2.193961e-02      2.997000e+02      0.000000e+00      1.760000e-02      1.000000e+00          1.000000e-01          -8.000471e+03     -1.260130e+07     1.368195e+06      5.368137e+04      8.943577e+04      0.000000e+00      0.000000e+00      0.000000e+00      0.000000e+00      3.099901e-02          2.034902e-01          0.000000e+00          0.000000e+00          0.000000e+00          7.655108e-01          
2.173198e-10      2.151628e-10      1.005000e+00      1.010025e+00      1.000000e+00      3.173087e+00      5.314921e-01      -1.264820e+00     -2.542288e+00     -7.986833e+00     1.761919e-01      2.981891e+02      8.931894e-04      1.316758e-01      1.000000e+00          1.832355e-01          -6.440608e+04     -1.324755e+06     1.335152e+06      5.369970e+04      8.949912e+04      0.000000e+00      0.000000e+00      0.000000e+00      0.000000e+00      6.066334e-02          1.961050e-01          0.000000e+00          0.000000e+00          0.000000e+00          7.432316e-01          
1.680578e-09      1.663897e-09      1.005000e+00      1.010025e+00      1.000000e+00      3.173087e+00      5.314921e-01      -1.260794e+00     -2.534195e+00     -7.961409e+00     1.766766e-01      2.982494e+02      8.919169e-04      1.320129e-01      1.000000e+00          1.837145e-01          -6.457701e+04     -1.322562e+06     1.333132e+06      5.369904e+04      8.935875e+04      0.000000e+00      0.000000e+00      0.000000e+00      0.000000e+00      6.084579e-02          1.960649e-01          0.000000e+00          0.000000e+00          0.000000e+00          7.430893e-01          
7.249380e-09      7.177426e-09      1.005000e+00      1.010025e+00      1.000000e+00      3.173087e+00      5.314921e-01      -1.251979e+00     -2.516479e+00     -7.905751e+00     1.776578e-01      2.983896e+02      8.890150e-04      1.326869e-01      1.000000e+00          1.848327e-01          -6.492108e+04     -1.314777e+06     1.325694e+06      5.369748e+04      8.926072e+04      0.000000e+00      0.000000e+00      0.000000e+00      0.000000e+00      6.127222e-02          1.959724e-01          1.037173e-22          0.000000e+00          0.000000e+00          7.427553e-01          
2.368445e-08      2.344937e-08      1.005000e+00      1.010025e+00      1.000000e+00      3.173087e+00      5.314921e-01      -1.255102e+00     -2.522756e+00     -7.925471e+00     1.787449e-01      2.986145e+02      8.922500e-04      1.334020e-01      1.000000e+00          1.866345e-01          -6.529477e+04     -1.293653e+06     1.304946e+06      5.369481e+04      8.909075e+04      0.000000e+00      0.000000e+00      0.000000e+00      0.000000e+00      6.196108e-02          1.958280e-01          0.000000e+00          0.000000e+00          0.000000e+00          7.422109e-01          
6.867915e-08      6.799748e-08      1.005000e+00      1.010025e+00      1.000000e+00      3.173088e+00      5.314922e-01      -1.241615e+00     -2.495647e+00     -7.840307e+00     1.791513e-01      2.989520e+02      8.862146e-04      1.335564e-01      1.000000e+00          1.893613e-01          -6.540775e+04     -1.243096e+06     1.254509e+06      5.369086e+04      8.878043e+04      0.000000e+00      0.000000e+00      0.000000e+00      0.000000e+00      6.300756e-02          1.956197e-01          0.000000e+00          1.308576e-19          0.000000e+00          7.413727e-01          
1.802996e-07      1.785100e-07      1.005000e+00      1.010025e+00      1.000000e+00      3.173089e+00      5.314924e-01      -1.159844e+00     -2.331286e+00     -7.323951e+00     1.772414e-01      2.994026e+02      8.426867e-04      1.319304e-01      1.000000e+00          1.930402e-01          -6.466358e+04     -1.146555e+06     1.157248e+06      5.368547e+04      8.822203e+04      0.000000e+00      0.000000e+00      0.000000e+00      0.000000e+00      6.442705e-02          1.953567e-01          5.979002e-19          0.000000e+00          0.000000e+00          7.402162e-01          
3.814051e-07      3.776195e-07      1.005000e+00      1.010026e+00      1.000001e+00      3.173090e+00      5.314928e-01      -1.034672e+00     -2.079693e+00     -6.533547e+00     1.724996e-01      2.998494e+02      7.732810e-04      1.281994e-01      1.000000e+00          1.967342e-01          -6.288833e+04     -1.030170e+06     1.039124e+06      5.368000e+04      8.742720e+04      0.000000e+00      0.000000e+00      0.000000e+00      0.000000e+00      6.586126e-02          1.951087e-01          1.453521e-19          0.000000e+00          0.000000e+00          7.390300e-01          
6.957702e-07      6.888643e-07      1.005001e+00      1.010026e+00      1.000001e+00      3.173092e+00      5.314933e-01      -9.050605e-01     -1.819173e+00     -5.715101e+00     1.657125e-01      3.002592e+02      6.985960e-04      1.229725e-01      1.000000e+00          2.001622e-01          -6.037400e+04     -9.169068e+05     9.233834e+05      5.367494e+04      8.638259e+04      0.000000e+00      0.000000e+00      0.000000e+00      0.000000e+00      6.720017e-02          1.948869e-01          0.000000e+00          0.000000e+00          0.000000e+00          7.379129e-01          
1.211094e-06      1.199073e-06      1.005001e+00      1.010027e+00      1.000002e+00      3.173095e+00      5.314940e-01      -7.764888e-01     -1.560744e+00     -4.903223e+00     1.568125e-01      3.006680e+02      6.212717e-04      1.161909e-01      1.000000e+00          2.036195e-01          -5.709374e+04     -8.055493e+05     8.087816e+05      5.366992e+04      8.490516e+04      0.000000e+00      0.000000e+00      0.000000e+00      0.000000e+00      6.855833e-02          1.946660e-01          0.000000e+00          7.636620e-19          0.000000e+00          7.367757e-01          
2.005480e-06      1.985575e-06      1.005002e+00      1.010028e+00      1.000003e+00      3.173098e+00      5.314949e-01      -6.615776e-01     -1.329773e+00     -4.177606e+00     1.465938e-01      3.010587e+02      5.487824e-04      1.084570e-01      1.000000e+00          2.069599e-01          -5.333945e+04     -7.045401e+05     7.040518e+05      5.366507e+04      8.292472e+04      0.000000e+00      0.000000e+00      0.000000e+00      0.000000e+00      6.987799e-02          1.944481e-01          0.000000e+00          0.000000e+00          0.000000e+00          7.356739e-01          
3.190628e-06      3.158960e-06      1.005002e+00      1.010030e+00      1.000005e+00      3.173103e+00      5.314960e-01      -5.720455e-01     -1.149814e+00     -3.612248e+00     1.356467e-01      3.014292e+02      4.878543e-04      1.002121e-01      1.000000e+00          2.101590e-01          -4.932659e+04     -6.154727e+05     6.109972e+05      5.366047e+04      8.035347e+04      0.000000e+00      0.000000e+00      0.000000e+00      0.000000e+00      7.114872e-02          1.942318e-01          3.626138e-20          3.385564e-20          0.000000e+00          7.346195e-01          
3.936222e-06      3.897153e-06      1.005003e+00      1.010031e+00      1.000006e+00      3.173105e+00      5.314967e-01      -5.294852e-01     -1.064268e+00     -3.343497e+00     1.302984e-01      3.015992e+02      4.586701e-04      9.619570e-02      1.000000e+00          2.116371e-01          -4.736864e+04     -5.769700e+05     5.706813e+05      5.365814e+04      7.889447e+04      0.000000e+00      0.000000e+00      0.000000e+00      0.000000e+00      7.173812e-02          1.941282e-01          0.000000e+00          9.455346e-23          0.000000e+00          7.341337e-01          
5.584920e-06      5.529487e-06      1.005004e+00      1.010032e+00      1.000007e+00      3.173110e+00      5.314980e-01      -4.631682e-01     -9.309714e-01     -2.924733e+00     1.209948e-01      3.018849e+02      4.117465e-04      8.922404e-02      1.000000e+00          2.141366e-01          -4.396600e+04     -5.164546e+05     5.066529e+05      5.365477e+04      7.597819e+04      0.000000e+00      0.000000e+00      0.000000e+00      0.000000e+00      7.273811e-02          1.939458e-01          0.000000e+00          5.861410e-23          0.000000e+00          7.333161e-01          
9.516839e-06      9.422379e-06      1.005005e+00      1.010036e+00      1.000011e+00      3.173121e+00      5.315005e-01      -3.781132e-01     -7.600116e-01     -2.387647e+00     1.063061e-01      3.023258e+02      3.474483e-04      7.824960e-02      1.000000e+00          2.180313e-01          -3.860082e+04     -4.327939e+05     4.178757e+05      5.364944e+04      7.019784e+04      0.000000e+00      0.000000e+00      0.000000e+00      0.000000e+00      7.430446e-02          1.936416e-01          8.983739e-20          3.581029e-23          0.000000e+00          7.320539e-01          
1.590372e-05      1.574587e-05      1.005008e+00      1.010040e+00      1.000015e+00      3.173135e+00      5.315040e-01      -3.116198e-01     -6.263606e-01     -1.967770e+00     9.226379e-02      3.027612e+02      2.933578e-04      6.778829e-02      1.000000e+00          2.219186e-01          -3.347815e+04     -3.637856e+05     3.435434e+05      5.364386e+04      6.298335e+04      0.000000e+00      0.000000e+00      0.000000e+00      0.000000e+00      7.587790e-02          1.933125e-01          3.634886e-21          2.456386e-23          3.526824e-21          7.308096e-01          
2.338702e-05      2.315490e-05      1.005010e+00      1.010044e+00      1.000019e+00      3.173148e+00      5.315074e-01      -2.713155e-01     -5.453494e-01     -1.713266e+00     8.223123e-02      3.031006e+02      2.582985e-04      6.032839e-02      1.000000e+00          2.249799e-01          -2.982127e+04     -3.190966e+05     2.952116e+05      5.363926e+04      5.660531e+04      0.000000e+00      0.000000e+00      0.000000e+00      0.000000e+00      7.712414e-02          1.930370e-01          1.192458e-20          1.900462e-23          1.462811e-25          7.298388e-01          
2.922582e-05      2.893574e-05      1.005011e+00      1.010048e+00      1.000022e+00      3.173158e+00      5.315099e-01      -2.513388e-01     -5.051967e-01     -1.587122e+00     7.667000e-02      3.033039e+02      2.400418e-04      5.619816e-02      1.000000e+00          2.268262e-01          -2.779523e+04     -2.959010e+05     2.699706e+05      5.363694e+04      5.264822e+04      0.000000e+00      0.000000e+00      0.000000e+00      0.000000e+00      7.787883e-02          1.928647e-01          0.000000e+00          1.646582e-23          1.023656e-23          7.292564e-01          
4.013347e-05      3.973512e-05      1.005014e+00      1.010053e+00      1.000027e+00      3.173174e+00      5.315140e-01      -2.265040e-01     -4.552793e-01     -1.430302e+00     6.919819e-02      3.036055e+02      2.165109e-04      5.065322e-02      1.000000e+00          2.295818e-01          -2.507409e+04     -2.661368e+05     2.375217e+05      5.364579e+04      4.685319e+04      0.000000e+00      0.000000e+00      0.000000e+00      0.000000e+00      7.900954e-02          1.926004e-01          0.000000e+00          1.347069e-23          2.248296e-23          7.283901e-01          
6.389781e-05      6.326359e-05      1.005019e+00      1.010063e+00      1.000037e+00      3.173206e+00      5.315219e-01      -1.971958e-01     -3.963710e-01     -1.245236e+00     5.947873e-02      3.040877e+02      1.873952e-04      4.344288e-02      1.000000e+00          2.340305e-01          -2.153518e+04     -2.294266e+05     1.970264e+05      5.362720e+04      3.851027e+04      0.000000e+00      0.000000e+00      0.000000e+00      0.000000e+00      8.084610e-02          1.921619e-01          0.000000e+00          1.005987e-23          2.622698e-23          7.269920e-01          
9.833798e-05      9.736193e-05      1.005025e+00      1.010076e+00      1.000050e+00      3.173246e+00      5.315320e-01      -1.749786e-01     -3.517157e-01     -1.104948e+00     5.177998e-02      3.045937e+02      1.648303e-04      3.773013e-02      1.000000e+00          2.387537e-01          -1.873215e+04     -2.010945e+05     1.661137e+05      5.362077e+04      3.152042e+04      0.000000e+00      0.000000e+00      0.000000e+00      0.000000e+00      8.281125e-02          1.916871e-01          2.330114e-22          7.657088e-24          2.360820e-23          7.255016e-01          
1.469514e-04      1.454928e-04      1.005033e+00      1.010092e+00      1.000066e+00      3.173297e+00      5.315448e-01      -1.581768e-01     -3.179459e-01     -9.988564e-01     4.573045e-02      3.051367e+02      1.474285e-04      3.323483e-02      1.000000e+00          2.438849e-01          -1.652886e+04     -1.793628e+05     1.422561e+05      5.359734e+04      2.595537e+04      0.000000e+00      0.000000e+00      0.000000e+00      0.000000e+00      8.496423e-02          1.911660e-01          2.708713e-21          5.904228e-24          1.974948e-23          7.238697e-01          
1.801886e-04      1.784002e-04      1.005038e+00      1.010102e+00      1.000076e+00      3.173329e+00      5.315529e-01      -1.513585e-01     -3.042421e-01     -9.558049e-01     4.305761e-02      3.054460e+02      1.400433e-04      3.124454e-02      1.000000e+00          2.468368e-01          -1.555484e+04     -1.701736e+05     1.317368e+05      5.360951e+04      2.349135e+04      0.000000e+00      0.000000e+00      0.000000e+00      0.000000e+00      8.621147e-02          1.908648e-01          0.000000e+00          7.984707e-22          1.772055e-23          7.229237e-01          
2.294103e-04      2.271333e-04      1.005046e+00      1.010117e+00      1.000091e+00      3.173375e+00      5.315643e-01      -1.429674e-01     -2.873774e-01     -9.028228e-01     4.019796e-02      3.058455e+02      1.315965e-04      2.911083e-02      1.000000e+00          2.506798e-01          -1.451219e+04     -1.596345e+05     1.205121e+05      5.360229e+04      2.086332e+04      0.000000e+00      0.000000e+00      0.000000e+00      0.000000e+00      8.784471e-02          1.904714e-01          0.000000e+00          0.000000e+00          1.540188e-23          7.216839e-01          
2.988742e-04      2.959077e-04      1.005055e+00      1.010136e+00      1.000110e+00      3.173436e+00      5.315797e-01      -1.351925e-01     -2.717518e-01     -8.537333e-01     3.745175e-02      3.063327e+02      1.236289e-04      2.705404e-02      1.000000e+00          2.554127e-01          -1.350986e+04     -1.497153e+05     1.095997e+05      5.359823e+04      1.831617e+04      0.000000e+00      0.000000e+00      0.000000e+00      0.000000e+00      8.987122e-02          1.899853e-01          0.000000e+00          4.680123e-22          1.304048e-23          7.201435e-01          
4.197147e-04      4.155488e-04      1.005071e+00      1.010168e+00      1.000141e+00      3.173535e+00      5.316047e-01      -1.262281e-01     -2.537363e-01     -7.971362e-01     3.446747e-02      3.070464e+02      1.147187e-04      2.480398e-02      1.000000e+00          2.624386e-01          -1.241863e+04     -1.386280e+05     9.745772e+04      5.358813e+04      1.549497e+04      0.000000e+00      0.000000e+00      0.000000e+00      0.000000e+00      9.291043e-02          1.892603e-01          1.579706e-21          1.254998e-23          1.034410e-23          7.178293e-01          
6.225163e-04      6.163375e-04      1.005096e+00      1.010217e+00      1.000190e+00      3.173690e+00      5.316437e-01      -1.169785e-01     -2.351492e-01     -7.387429e-01     3.171322e-02      3.080245e+02      1.060186e-04      2.269846e-02      1.000000e+00          2.722406e-01          -1.140767e+04     -1.278134e+05     8.561473e+04      5.357669e+04      1.275508e+04      0.000000e+00      0.000000e+00      0.000000e+00      0.000000e+00      9.721358e-02          1.882411e-01          2.798797e-22          0.000000e+00          7.712255e-24          7.145453e-01          
8.975808e-04      8.886719e-04      1.005127e+00      1.010279e+00      1.000252e+00      3.173886e+00      5.316929e-01      -1.089624e-01     -2.190419e-01     -6.881406e-01     2.979074e-02      3.091069e+02      9.918163e-05      2.118837e-02      1.000000e+00          2.833186e-01          -1.069674e+04     -1.193244e+05     7.643217e+04      5.356146e+04      1.065001e+04      0.000000e+00      0.000000e+00      0.000000e+00      0.000000e+00      1.021674e-01          1.870765e-01          0.000000e+00          2.289732e-22          5.629091e-23          7.107561e-01          
1.283099e-03      1.270363e-03      1.005167e+00      1.010361e+00      1.000332e+00      3.174142e+00      5.317571e-01      -1.013670e-01     -2.037815e-01     -6.401985e-01     2.847000e-02      3.103589e+02      9.346240e-05      2.009366e-02      1.000000e+00          2.964276e-01          -1.020101e+04     -1.122211e+05     6.885043e+04      5.354592e+04      8.933107e+03      0.000000e+00      0.000000e+00      0.000000e+00      0.000000e+00      1.081573e-01          1.856781e-01          0.000000e+00          7.886417e-23          1.947548e-22          7.061646e-01          
1.594867e-03      1.579037e-03      1.005198e+00      1.010423e+00      1.000394e+00      3.174336e+00      5.318060e-01      -9.669124e-02     -1.943876e-01     -6.106868e-01     2.792919e-02      3.112304e+02      9.035424e-05      1.960154e-02      1.000000e+00          3.057342e-01          -9.992505e+03     -1.083631e+05     6.479691e+04      5.353262e+04      8.026734e+03      0.000000e+00      0.000000e+00      0.000000e+00      0.000000e+00      1.124965e-01          1.846703e-01          3.234406e-23          3.160231e-23          6.182574e-24          7.028332e-01          
1.916545e-03      1.897523e-03      1.005228e+00      1.010484e+00      1.000454e+00      3.174529e+00      5.318543e-01      -9.263426e-02     -1.862372e-01     -5.850813e-01     2.762882e-02      3.120393e+02      8.791358e-05      1.928622e-02      1.000000e+00          3.145006e-01          -9.871488e+03     -1.053350e+05     6.165622e+04      5.352652e+04      7.334905e+03      0.000000e+00      0.000000e+00      0.000000e+00      0.000000e+00      1.166516e-01          1.837086e-01          3.010986e-23          2.285373e-23          1.060837e-23          6.996398e-01          
2.437492e-03      2.413299e-03      1.005275e+00      1.010578e+00      1.000547e+00      3.174824e+00      5.319286e-01      -8.706713e-02     -1.750528e-01     -5.499447e-01     2.745488e-02      3.132082e+02      8.492616e-05      1.900953e-02      1.000000e+00          3.273835e-01          -9.789832e+03     -1.016324e+05     5.788557e+04      5.350801e+04      6.522564e+03      0.000000e+00      0.000000e+00      0.000000e+00      0.000000e+00      1.228804e-01          1.822723e-01          0.000000e+00          1.369102e-23          7.832344e-24          6.948473e-01          
3.090386e-03      3.059712e-03      1.005330e+00      1.010688e+00      1.000657e+00      3.175171e+00      5.320156e-01      -8.112738e-02     -1.631196e-01     -5.124552e-01     2.752967e-02      3.144956e+02      8.213444e-05      1.888289e-02      1.000000e+00          3.418529e-01          -9.794885e+03     -9.818146e+04     5.448512e+04      5.348844e+04      5.812091e+03      0.000000e+00      0.000000e+00      0.000000e+00      0.000000e+00      1.300563e-01          1.806242e-01          8.750677e-23          9.235653e-24          5.572304e-24          6.893195e-01          
3.936755e-03      3.897680e-03      1.005396e+00      1.010821e+00      1.000788e+00      3.175586e+00      5.321201e-01      -7.454317e-02     -1.498908e-01     -4.708957e-01     2.788369e-02      3.159592e+02      7.945359e-05      1.891150e-02      1.000000e+00          3.586425e-01          -9.895858e+03     -9.487539e+04     5.128365e+04      5.346811e+04      5.168612e+03      0.000000e+00      0.000000e+00      0.000000e+00      0.000000e+00      1.386314e-01          1.786625e-01          9.035726e-22          6.402913e-24          3.932154e-24          6.827061e-01          
5.277074e-03      5.224697e-03      1.005489e+00      1.011009e+00      1.000974e+00      3.176178e+00      5.322689e-01      -6.549099e-02     -1.317010e-01     -4.137509e-01     2.870823e-02      3.179524e+02      7.628446e-05      1.915562e-02      1.000000e+00          3.820460e-01          -1.015329e+04     -9.099060e+04     4.768462e+04      5.344233e+04      4.487357e+03      0.000000e+00      0.000000e+00      0.000000e+00      0.000000e+00      1.510542e-01          1.758331e-01          3.960175e-21          4.162823e-24          3.087207e-22          6.731127e-01          
7.620350e-03      7.544715e-03      1.005627e+00      1.011285e+00      1.001247e+00      3.177045e+00      5.324868e-01      -5.193415e-02     -1.044527e-01     -3.281479e-01     3.043736e-02      3.208248e+02      7.229962e-05      1.979806e-02      1.000000e+00          4.167498e-01          -1.071070e+04     -8.615400e+04     4.345148e+04      5.339920e+04      3.765749e+03      0.000000e+00      0.000000e+00      0.000000e+00      0.000000e+00      1.705581e-01          1.714159e-01          0.000000e+00          1.041077e-22          4.730563e-22          6.580260e-01          
1.085548e-02      1.074774e-02      1.005768e+00      1.011569e+00      1.001529e+00      3.177938e+00      5.327113e-01      -3.582859e-02     -7.207050e-02     -2.264162e-01     3.294799e-02      3.240047e+02      6.827840e-05      2.077829e-02      1.000000e+00          4.562772e-01          -1.152875e+04     -8.133896e+04     3.950685e+04      5.335093e+04      3.184259e+03      0.000000e+00      0.000000e+00      0.000000e+00      0.000000e+00      1.945109e-01          1.660257e-01          1.864670e-21          0.000000e+00          1.282833e-21          6.394633e-01          
1.383238e-02      1.369508e-02      1.005855e+00      1.011743e+00      1.001701e+00      3.178486e+00      5.328490e-01      -2.258855e-02     -4.544159e-02     -1.427590e-01     3.522835e-02      3.264196e+02      6.531772e-05      2.165981e-02      1.000000e+00          4.869005e-01          -1.227312e+04     -7.784202e+04     3.679890e+04      5.330983e+04      2.838375e+03      0.000000e+00      0.000000e+00      0.000000e+00      0.000000e+00      2.144860e-01          1.615570e-01          2.078154e-23          4.191577e-23          1.380638e-22          6.239570e-01          
1.437080e-02      1.422816e-02      1.005866e+00      1.011767e+00      1.001724e+00      3.178559e+00      5.328674e-01      -2.031470e-02     -4.086773e-02     -1.283898e-01     3.563429e-02      3.268171e+02      6.483247e-05      2.181474e-02      1.000000e+00          4.919809e-01          -1.240559e+04     -7.727253e+04     3.636836e+04      5.330397e+04      2.787329e+03      0.000000e+00      0.000000e+00      0.000000e+00      0.000000e+00      2.179294e-01          1.607889e-01          0.000000e+00          1.989115e-23          6.987631e-23          6.212817e-01          
1.683869e-02      1.667155e-02      1.005904e+00      1.011842e+00      1.001799e+00      3.178796e+00      5.329272e-01      -1.028242e-02     -2.068625e-02     -6.498777e-02     3.746426e-02      3.285164e+02      6.275608e-05      2.250366e-02      1.000000e+00          5.137940e-01          -1.300231e+04     -7.484751e+04     3.456329e+04      5.328344e+04      2.584683e+03      0.000000e+00      0.000000e+00      0.000000e+00      0.000000e+00      2.331604e-01          1.573991e-01          1.788250e-21          1.054755e-23          2.525950e-23          6.094405e-01          
2.116217e-02      2.095213e-02      1.005912e+00      1.011860e+00      1.001817e+00      3.178852e+00      5.329411e-01      5.999648e-03      1.207024e-02      3.791978e-02      4.053085e-02      3.310935e+02      5.955052e-05      2.362004e-02      1.000000e+00          5.470954e-01          -1.399999e+04     -7.113890e+04     3.190013e+04      5.323781e+04      2.315987e+03      0.000000e+00      0.000000e+00      0.000000e+00      0.000000e+00      2.579072e-01          1.519171e-01          0.000000e+00          5.493668e-24          1.094158e-23          5.901757e-01          
2.658686e-02      2.632297e-02      1.005829e+00      1.011691e+00      1.001650e+00      3.178322e+00      5.328079e-01      2.457353e-02      4.943353e-02      1.553000e-01      4.414087e-02      3.337951e+02      5.608971e-05      2.487496e-02      1.000000e+00          5.821259e-01          -1.517030e+04     -6.717346e+04     2.915810e+04      5.319331e+04      2.070903e+03      0.000000e+00      0.000000e+00      0.000000e+00      0.000000e+00      2.861015e-01          1.457083e-01          0.000000e+00          3.083144e-24          5.650681e-24          5.681902e-01          
3.306429e-02      3.273611e-02      1.005603e+00      1.011238e+00      1.001201e+00      3.176899e+00      5.324501e-01      4.462319e-02      8.974648e-02      2.819469e-01      4.813805e-02      3.364671e+02      5.253654e-05      2.619543e-02      1.000000e+00          6.167103e-01          -1.646071e+04     -6.313587e+04     2.646209e+04      5.314860e+04      1.854525e+03      0.000000e+00      0.000000e+00      0.000000e+00      0.000000e+00      3.163963e-01          1.390790e-01          3.842169e-21          1.833386e-24          3.225869e-24          5.445246e-01          
4.141954e-02      4.100843e-02      1.005132e+00      1.010290e+00      1.000262e+00      3.173920e+00      5.317013e-01      6.781396e-02      1.363239e-01      4.282743e-01      5.286341e-02      3.392849e+02      4.861866e-05      2.767498e-02      1.000000e+00          6.529246e-01          -1.797923e+04     -5.871363e+04     2.361499e+04      5.309994e+04      1.646638e+03      0.000000e+00      0.000000e+00      0.000000e+00      0.000000e+00      3.511076e-01          1.315341e-01          1.531255e-21          1.090405e-24          1.880638e-24          5.173583e-01          
5.131288e-02      5.080357e-02      1.004338e+00      1.008695e+00      9.986829e-01      3.168908e+00      5.304424e-01      9.217299e-02      1.851457e-01      5.816523e-01      5.792853e-02      3.419785e+02      4.469905e-05      2.917726e-02      1.000000e+00          6.871183e-01          -1.959913e+04     -5.430635e+04     2.088288e+04      5.305324e+04      1.462599e+03      0.000000e+00      0.000000e+00      0.000000e+00      0.000000e+00      3.871000e-01          1.237670e-01          2.241117e-20          6.724844e-25          1.153659e-24          4.891330e-01          
5.557258e-02      5.502099e-02      1.003925e+00      1.007865e+00      9.978610e-01      3.166300e+00      5.297877e-01      1.018060e-01      2.044112e-01      6.421766e-01      5.995874e-02      3.429759e+02      4.320127e-05      2.975947e-02      1.000000e+00          6.996380e-01          -2.024640e+04     -5.262291e+04     1.986910e+04      5.303485e+04      1.397381e+03      0.000000e+00      0.000000e+00      0.000000e+00      0.000000e+00      4.011521e-01          1.207488e-01          6.869357e-22          5.617780e-25          9.672761e-25          4.780991e-01          
6.767169e-02      6.700001e-02      1.002538e+00      1.005083e+00      9.951074e-01      3.157562e+00      5.275963e-01      1.267806e-01      2.542048e-01      7.986080e-01      6.529418e-02      3.454096e+02      3.945653e-05      3.124006e-02      1.000000e+00          7.298250e-01          -2.194219e+04     -4.840403e+04     1.739547e+04      5.299522e+04      1.244104e+03      0.000000e+00      0.000000e+00      0.000000e+00      0.000000e+00      4.371803e-01          1.130486e-01          0.000000e+00          3.610912e-25          1.245708e-23          4.497711e-01          
8.489962e-02      8.405695e-02      1.000083e+00      1.000166e+00      9.902386e-01      3.142113e+00      5.237289e-01      1.574505e-01      3.149271e-01      9.893727e-01      7.198655e-02      3.481220e+02      3.512475e-05      3.301837e-02      1.000000e+00          7.627520e-01          -2.406005e+04     -4.348419e+04     1.465396e+04      5.294772e+04      1.081983e+03      0.000000e+00      0.000000e+00      0.000000e+00      0.000000e+00      4.803474e-01          1.038910e-01          7.874763e-21          2.168628e-25          8.950367e-23          4.157616e-01          
1.031532e-01      1.021294e-01      9.969493e-01      9.939078e-01      9.840428e-01      3.122454e+00      5.188213e-01      1.851975e-01      3.692650e-01      1.160080e+00      7.817988e-02      3.503423e+02      3.146472e-05      3.460791e-02      1.000000e+00          7.890635e-01          -2.601258e+04     -3.927072e+04     1.244327e+04      5.290963e+04      9.559047e+02      0.000000e+00      0.000000e+00      0.000000e+00      0.000000e+00      5.181659e-01          9.592733e-02          0.000000e+00          1.395296e-25          8.175714e-25          3.859067e-01          
1.282991e-01      1.270256e-01      9.918723e-01      9.838106e-01      9.740458e-01      3.090732e+00      5.109353e-01      2.176462e-01      4.317546e-01      1.356397e+00      8.559069e-02      3.526808e+02      2.749182e-05      3.646597e-02      1.000000e+00          8.160864e-01          -2.834190e+04     -3.461517e+04     1.017664e+04      5.286517e+04      8.300263e+02      0.000000e+00      0.000000e+00      0.000000e+00      0.000000e+00      5.605334e-01          8.706992e-02          0.000000e+00          8.471395e-26          3.375016e-25          3.523967e-01          
1.553747e-01      1.538325e-01      9.855696e-01      9.713475e-01      9.617064e-01      3.051578e+00      5.012572e-01      2.471312e-01      4.871299e-01      1.530364e+00      9.249117e-02      3.545822e+02      2.417842e-05      3.817572e-02      1.000000e+00          8.374996e-01          -3.050614e+04     -3.064295e+04     8.406077e+03      5.284170e+04      7.333761e+02      0.000000e+00      0.000000e+00      0.000000e+00      0.000000e+00      5.969793e-01          7.950373e-02          4.269661e-21          5.436904e-26          1.881749e-25          3.235169e-01          
1.617588e-01      1.601533e-01      9.839720e-01      9.682009e-01      9.585910e-01      3.041693e+00      4.988234e-01      2.533611e-01      4.986005e-01      1.566400e+00      9.395090e-02      3.549591e+02      2.348450e-05      3.853285e-02      1.000000e+00          8.416824e-01          -3.096320e+04     -2.980484e+04     8.065017e+03      5.280457e+04      7.147076e+02      0.000000e+00      0.000000e+00      0.000000e+00      0.000000e+00      6.044232e-01          7.796436e-02          0.000000e+00          4.950567e-26          1.677054e-25          3.176125e-01          
1.769558e-01      1.751994e-01      9.800124e-01      9.604244e-01      9.508917e-01      3.017262e+00      4.928257e-01      2.675331e-01      5.243715e-01      1.647362e+00      9.733999e-02      3.557796e+02      2.201772e-05      3.937245e-02      1.000000e+00          8.507145e-01          -3.202499e+04     -2.800184e+04     7.336326e+03      5.279528e+04      6.751323e+02      0.000000e+00      0.000000e+00      0.000000e+00      0.000000e+00      6.208812e-01          7.456759e-02          0.000000e+00          4.012362e-26          1.315380e-25          3.045512e-01          
1.946042e-01      1.926726e-01      9.751552e-01      9.509277e-01      9.414893e-01      2.987428e+00      4.855343e-01      2.826924e-01      5.513380e-01      1.732079e+00      1.009988e-01      3.566074e+02      2.050693e-05      4.028042e-02      1.000000e+00          8.597272e-01          -3.317085e+04     -2.612184e+04     6.622095e+03      5.278664e+04      6.362878e+02      0.000000e+00      0.000000e+00      0.000000e+00      0.000000e+00      6.378492e-01          7.107635e-02          1.147244e-20          3.208456e-26          1.027973e-25          2.910745e-01          
2.123929e-01      2.102847e-01      9.699998e-01      9.408996e-01      9.315607e-01      2.955923e+00      4.778741e-01      2.967569e-01      5.757083e-01      1.808641e+00      1.044231e-01      3.573296e+02      1.915600e-05      4.113424e-02      1.000000e+00          8.675028e-01          -3.424316e+04     -2.441929e+04     6.018339e+03      5.276777e+04      6.032783e+02      0.000000e+00      0.000000e+00      0.000000e+00      0.000000e+00      6.529470e-01          6.797843e-02          0.000000e+00          2.610731e-26          8.268619e-26          2.790745e-01          
2.293345e-01      2.270582e-01      9.648656e-01      9.309657e-01      9.217254e-01      2.924715e+00      4.703262e-01      3.091973e-01      5.966676e-01      1.874487e+00      1.074818e-01      3.579316e+02      1.801030e-05      4.190276e-02      1.000000e+00          8.739240e-01          -3.520117e+04     -2.295523e+04     5.530277e+03      5.275603e+04      5.764314e+02      0.000000e+00      0.000000e+00      0.000000e+00      0.000000e+00      6.657497e-01          6.535789e-02          0.000000e+00          2.177691e-26          6.843244e-26          2.688924e-01          
2.462761e-01      2.438317e-01      9.595277e-01      9.206934e-01      9.115551e-01      2.892444e+00      4.625633e-01      3.208345e-01      6.156991e-01      1.934276e+00      1.103654e-01      3.584636e+02      1.697493e-05      4.263335e-02      1.000000e+00          8.795510e-01          -3.610464e+04     -2.161690e+04     5.111684e+03      5.274559e+04      5.532357e+02      0.000000e+00      0.000000e+00      0.000000e+00      0.000000e+00      6.772270e-01          6.301359e-02          1.481447e-22          1.839773e-26          5.756834e-26          2.597594e-01          
2.632177e-01      2.606051e-01      9.539987e-01      9.101134e-01      9.010801e-01      2.859206e+00      4.546131e-01      3.317742e-01      6.330244e-01      1.988705e+00      1.130950e-01      3.589360e+02      1.603189e-05      4.333149e-02      1.000000e+00          8.845115e-01          -3.696031e+04     -2.038534e+04     4.750696e+03      5.273652e+04      5.330748e+02      0.000000e+00      0.000000e+00      0.000000e+00      0.000000e+00      6.875515e-01          6.090878e-02          3.435014e-22          1.571844e-26          4.909557e-26          2.515398e-01          
2.801593e-01      2.773786e-01      9.482896e-01      8.992531e-01      8.903276e-01      2.825087e+00      4.465001e-01      3.421017e-01      6.488230e-01      2.038337e+00      1.156880e-01      3.593574e+02      1.516684e-05      4.400141e-02      1.000000e+00          8.889069e-01          -3.777362e+04     -1.924575e+04     4.437885e+03      5.272837e+04      5.154709e+02      0.000000e+00      0.000000e+00      0.000000e+00      0.000000e+00      6.968663e-01          5.901303e-02          2.331958e-21          1.356397e-26          4.236076e-26          2.441206e-01          
2.963345e-01      2.933932e-01      9.426798e-01      8.886451e-01      8.798249e-01      2.791761e+00      4.386228e-01      3.514443e-01      6.625988e-01      2.081615e+00      1.180456e-01      3.597183e+02      1.440255e-05      4.461660e-02      1.000000e+00          8.926485e-01          -3.851357e+04     -1.823187e+04     4.177372e+03      5.271935e+04      5.007048e+02      0.000000e+00      0.000000e+00      0.000000e+00      0.000000e+00      7.049222e-01          5.737590e-02          0.000000e+00          1.188208e-26          3.714400e-26          2.377019e-01          
3.117433e-01      3.086491e-01      9.371983e-01      8.783407e-01      8.696228e-01      2.759389e+00      4.310158e-01      3.599547e-01      6.746978e-01      2.119626e+00      1.202037e-01      3.600293e+02      1.372193e-05      4.518618e-02      1.000000e+00          8.958563e-01          -3.919147e+04     -1.732387e+04     3.958707e+03      5.271331e+04      4.882505e+02      0.000000e+00      0.000000e+00      0.000000e+00      0.000000e+00      7.119233e-01          5.595493e-02          0.000000e+00          1.054706e-26          3.302365e-26          2.321218e-01          
3.271520e-01      3.239049e-01      9.315887e-01      8.678575e-01      8.592435e-01      2.726455e+00      4.233224e-01      3.681033e-01      6.858417e-01      2.154635e+00      1.222791e-01      3.603120e+02      1.308358e-05      4.573955e-02      1.000000e+00          8.987589e-01          -3.984388e+04     -1.646854e+04     3.764907e+03      5.270785e+04      4.771844e+02      0.000000e+00      0.000000e+00      0.000000e+00      0.000000e+00      7.183351e-01          5.465504e-02          2.259904e-22          9.419307e-27          2.955407e-26          2.270099e-01          
3.425608e-01      3.391607e-01      9.258560e-01      8.572093e-01      8.487011e-01      2.693002e+00      4.155554e-01      3.759273e-01      6.961090e-01      2.186891e+00      1.242789e-01      3.605693e+02      1.248057e-05      4.627845e-02      1.000000e+00          9.013895e-01          -4.047304e+04     -1.565848e+04     3.592911e+03      5.270290e+04      4.673578e+02      0.000000e+00      0.000000e+00      0.000000e+00      0.000000e+00      7.242101e-01          5.346518e-02          1.634743e-21          8.459948e-27          2.660781e-26          2.223247e-01          
3.579696e-01      3.544166e-01      9.200050e-01      8.464093e-01      8.380083e-01      2.659073e+00      4.077268e-01      3.834602e-01      7.055707e-01      2.216616e+00      1.262105e-01      3.608037e+02      1.190848e-05      4.680475e-02      1.000000e+00          9.037774e-01          -4.108131e+04     -1.488860e+04     3.440072e+03      5.269844e+04      4.586479e+02      0.000000e+00      0.000000e+00      0.000000e+00      0.000000e+00      7.295969e-01          5.237521e-02          0.000000e+00          7.638468e-27          2.408665e-26          2.180279e-01          
3.766470e-01      3.729086e-01      9.127603e-01      8.331314e-01      8.248621e-01      2.617359e+00      3.981703e-01      3.922501e-01      7.160606e-01      2.249571e+00      1.284743e-01      3.610611e+02      1.125458e-05      4.742912e-02      1.000000e+00          9.063896e-01          -4.179490e+04     -1.400775e+04     3.276820e+03      5.269896e+04      4.494422e+02      0.000000e+00      0.000000e+00      0.000000e+00      0.000000e+00      7.355491e-01          5.117204e-02          3.277999e-21          6.791572e-27          2.148757e-26          2.132789e-01          
3.931298e-01      3.892277e-01      9.062335e-01      8.212591e-01      8.131077e-01      2.580062e+00      3.896897e-01      3.996471e-01      7.243472e-01      2.275604e+00      1.303797e-01      3.612644e+02      1.070283e-05      4.796073e-02      1.000000e+00          9.084436e-01          -4.239609e+04     -1.326832e+04     3.151623e+03      5.268819e+04      4.424395e+02      0.000000e+00      0.000000e+00      0.000000e+00      0.000000e+00      7.402733e-01          5.021773e-02          1.597158e-21          6.158132e-27          1.954033e-26          2.095090e-01          
3.984817e-01      3.945266e-01      9.040883e-01      8.173756e-01      8.092628e-01      2.567861e+00      3.869289e-01      4.019697e-01      7.268321e-01      2.283410e+00      1.309730e-01      3.613251e+02      1.052105e-05      4.812743e-02      1.000000e+00          9.090567e-01          -4.258342e+04     -1.302631e+04     3.114856e+03      5.267259e+04      4.403783e+02      0.000000e+00      0.000000e+00      0.000000e+00      0.000000e+00      7.416911e-01          4.993111e-02          0.000000e+00          5.972501e-27          1.896864e-26          2.083778e-01          
4.084614e-01      4.044072e-01      9.000548e-01      8.100987e-01      8.020581e-01      2.545000e+00      3.817733e-01      4.063060e-01      7.313953e-01      2.297746e+00      1.320999e-01      3.614355e+02      1.021196e-05      4.844714e-02      1.000000e+00          9.101690e-01          -4.293954e+04     -1.260741e+04     3.048945e+03      5.267863e+04      4.367995e+02      0.000000e+00      0.000000e+00      0.000000e+00      0.000000e+00      7.442723e-01          4.941019e-02          0.000000e+00          5.645517e-27          1.796211e-26          2.063175e-01          
4.234273e-01      4.192246e-01      8.939263e-01      7.991042e-01      7.911727e-01      2.510460e+00      3.740277e-01      4.126533e-01      7.377633e-01      2.317752e+00      1.337491e-01      3.615896e+02      9.757669e-06      4.891888e-02      1.000000e+00          9.117179e-01          -4.346108e+04     -1.199733e+04     2.958916e+03      5.268276e+04      4.320456e+02      0.000000e+00      0.000000e+00      0.000000e+00      0.000000e+00      7.478860e-01          4.868085e-02          1.522393e-21          5.205501e-27          1.660524e-26          2.034331e-01          
4.362681e-01      4.319380e-01      8.885937e-01      7.895987e-01      7.817615e-01      2.480597e+00      3.673739e-01      4.178969e-01      7.426811e-01      2.333202e+00      1.351111e-01      3.617102e+02      9.380459e-06      4.931196e-02      1.000000e+00          9.129276e-01          -4.389215e+04     -1.149451e+04     2.890195e+03      5.268017e+04      4.285295e+02      0.000000e+00      0.000000e+00      0.000000e+00      0.000000e+00      7.507244e-01          4.810816e-02          0.000000e+00          4.868863e-27          1.556469e-26          2.011674e-01          
4.413188e-01      4.369385e-01      8.864777e-01      7.858427e-01      7.780428e-01      2.468798e+00      3.647556e-01      4.199037e-01      7.444705e-01      2.338823e+00      1.356262e-01      3.617542e+02      9.225761e-06      4.946156e-02      1.000000e+00          9.133681e-01          -4.405530e+04     -1.128997e+04     2.865584e+03      5.266583e+04      4.272845e+02      0.000000e+00      0.000000e+00      0.000000e+00      0.000000e+00      7.517614e-01          4.789872e-02          0.000000e+00          4.746670e-27          1.518606e-26          2.003399e-01          
4.493131e-01      4.448534e-01      8.831075e-01      7.798788e-01      7.721381e-01      2.450062e+00      3.606113e-01      4.231065e-01      7.472971e-01      2.347703e+00      1.364633e-01      3.618224e+02      9.002493e-06      4.970694e-02      1.000000e+00          9.140507e-01          -4.432065e+04     -1.099000e+04     2.827953e+03      5.267116e+04      4.254715e+02      0.000000e+00      0.000000e+00      0.000000e+00      0.000000e+00      7.533719e-01          4.757396e-02          8.553520e-23          4.562576e-27          1.461508e-26          1.990541e-01          
4.604933e-01      4.559227e-01      8.783525e-01      7.715030e-01      7.638455e-01      2.423748e+00      3.548175e-01      4.275077e-01      7.510049e-01      2.359352e+00      1.376166e-01      3.619125e+02      8.699513e-06      5.004746e-02      1.000000e+00          9.149494e-01          -4.468644e+04     -1.058434e+04     2.778929e+03      5.267346e+04      4.232379e+02      0.000000e+00      0.000000e+00      0.000000e+00      0.000000e+00      7.554994e-01          4.714385e-02          0.000000e+00          4.321636e-27          1.386769e-26          1.973567e-01          
4.759665e-01      4.712423e-01      8.716915e-01      7.598461e-01      7.523043e-01      2.387127e+00      3.468064e-01      4.334273e-01      7.556297e-01      2.373881e+00      1.391607e-01      3.620270e+02      8.279293e-06      5.050653e-02      1.000000e+00          9.160932e-01          -4.517660e+04     -1.002619e+04     2.718791e+03      5.267521e+04      4.207233e+02      0.000000e+00      0.000000e+00      0.000000e+00      0.000000e+00      7.582184e-01          4.659610e-02          0.000000e+00          4.021177e-27          1.293201e-26          1.951855e-01          
4.945721e-01      4.896632e-01      8.635624e-01      7.457401e-01      7.383382e-01      2.342811e+00      3.371940e-01      4.403566e-01      7.605508e-01      2.389341e+00      1.409728e-01      3.621497e+02      7.791963e-06      5.105319e-02      1.000000e+00          9.173162e-01          -4.575267e+04     -9.384969e+03     2.656945e+03      5.267851e+04      4.185574e+02      0.000000e+00      0.000000e+00      0.000000e+00      0.000000e+00      7.611397e-01          4.600716e-02          0.000000e+00          3.702913e-27          1.193748e-26          1.928532e-01          
5.001823e-01      4.952177e-01      8.610863e-01      7.414697e-01      7.341102e-01      2.329396e+00      3.343018e-01      4.422838e-01      7.616891e-01      2.392917e+00      1.414619e-01      3.621821e+02      7.631996e-06      5.120095e-02      1.000000e+00          9.176384e-01          -4.590815e+04     -9.182259e+03     2.641384e+03      5.264831e+04      4.180848e+02      0.000000e+00      0.000000e+00      0.000000e+00      0.000000e+00      7.619119e-01          4.585111e-02          0.000000e+00          3.615781e-27          1.166390e-26          1.922370e-01          
5.059109e-01      5.008895e-01      8.585461e-01      7.371015e-01      7.297854e-01      2.315673e+00      3.313519e-01      4.443452e-01      7.629817e-01      2.396978e+00      1.420082e-01      3.622142e+02      7.497418e-06      5.136954e-02      1.000000e+00          9.179572e-01          -4.608224e+04     -9.002147e+03     2.626078e+03      5.265749e+04      4.176946e+02      0.000000e+00      0.000000e+00      0.000000e+00      0.000000e+00      7.626767e-01          4.569676e-02          6.554550e-21          3.530609e-27          1.139593e-26          1.916265e-01          
5.167849e-01      5.116555e-01      8.536931e-01      7.287919e-01      7.215583e-01      2.289567e+00      3.257646e-01      4.482055e-01      7.652599e-01      2.404135e+00      1.430229e-01      3.622729e+02      7.231556e-06      5.168279e-02      1.000000e+00          9.185410e-01          -4.640557e+04     -8.654392e+03     2.598919e+03      5.266158e+04      4.171774e+02      0.000000e+00      0.000000e+00      0.000000e+00      0.000000e+00      7.640801e-01          4.541360e-02          0.000000e+00          3.376600e-27          1.091122e-26          1.905063e-01          
5.282991e-01      5.230555e-01      8.485094e-01      7.199681e-01      7.128221e-01      2.261847e+00      3.198663e-01      4.522404e-01      7.674604e-01      2.411048e+00      1.440870e-01      3.623301e+02      6.958151e-06      5.201469e-02      1.000000e+00          9.191078e-01          -4.674502e+04     -8.292410e+03     2.573670e+03      5.266908e+04      4.169620e+02      0.000000e+00      0.000000e+00      0.000000e+00      0.000000e+00      7.654459e-01          4.513784e-02          0.000000e+00          3.226832e-27          1.043808e-26          1.894163e-01          
5.424357e-01      5.370517e-01      8.420826e-01      7.091032e-01      7.020650e-01      2.227713e+00      3.126531e-01      4.569921e-01      7.696503e-01      2.417928e+00      1.453372e-01      3.623930e+02      6.630115e-06      5.240756e-02      1.000000e+00          9.197317e-01          -4.714414e+04     -7.863715e+03     2.547189e+03      5.265926e+04      4.171620e+02      0.000000e+00      0.000000e+00      0.000000e+00      0.000000e+00      7.669528e-01          4.483240e-02          8.474225e-22          3.053308e-27          9.890729e-27          1.882148e-01          
5.537801e-01      5.482836e-01      8.368770e-01      7.003631e-01      6.934116e-01      2.200256e+00      3.068905e-01      4.607610e-01      7.712005e-01      2.422798e+00      1.463287e-01      3.624377e+02      6.368162e-06      5.272320e-02      1.000000e+00          9.201755e-01          -4.746114e+04     -7.527761e+03     2.530138e+03      5.266574e+04      4.176918e+02      0.000000e+00      0.000000e+00      0.000000e+00      0.000000e+00      7.680273e-01          4.461545e-02          2.087843e-20          2.927862e-27          9.492135e-27          1.873572e-01          
5.677344e-01      5.620993e-01      8.304156e-01      6.895901e-01      6.827456e-01      2.166411e+00      2.998369e-01      4.652579e-01      7.727148e-01      2.427555e+00      1.475099e-01      3.624864e+02      6.051192e-06      5.310293e-02      1.000000e+00          9.206578e-01          -4.783918e+04     -7.122823e+03     2.513454e+03      5.265618e+04      4.187973e+02      0.000000e+00      0.000000e+00      0.000000e+00      0.000000e+00      7.691970e-01          4.437836e-02          0.000000e+00          2.785519e-27          9.038522e-27          1.864246e-01          
5.783438e-01      5.726034e-01      8.254614e-01      6.813865e-01      6.746234e-01      2.140639e+00      2.945024e-01      4.686500e-01      7.737049e-01      2.430666e+00      1.484061e-01      3.625184e+02      5.818725e-06      5.339526e-02      1.000000e+00          9.209742e-01          -4.812646e+04     -6.820385e+03     2.504186e+03      5.265524e+04      4.199734e+02      0.000000e+00      0.000000e+00      0.000000e+00      0.000000e+00      7.699655e-01          4.422252e-02          0.000000e+00          2.686915e-27          8.722148e-27          1.858120e-01          
5.935989e-01      5.877071e-01      8.182752e-01      6.695742e-01      6.629284e-01      2.103530e+00      2.868777e-01      4.734209e-01      7.747771e-01      2.434034e+00      1.496709e-01      3.625593e+02      5.497571e-06      5.381126e-02      1.000000e+00          9.213790e-01          -4.853229e+04     -6.411472e+03     2.494388e+03      5.266084e+04      4.221761e+02      0.000000e+00      0.000000e+00      0.000000e+00      0.000000e+00      7.709504e-01          4.402206e-02          4.892363e-21          2.552864e-27          8.292663e-27          1.850275e-01          
6.073801e-01      6.013515e-01      8.117216e-01      6.588920e-01      6.523522e-01      2.069970e+00      2.800399e-01      4.776273e-01      7.754008e-01      2.435994e+00      1.507851e-01      3.625884e+02      5.210248e-06      5.418389e-02      1.000000e+00          9.216664e-01          -4.889045e+04     -6.043928e+03     2.490958e+03      5.265804e+04      4.246922e+02      0.000000e+00      0.000000e+00      0.000000e+00      0.000000e+00      7.716503e-01          4.387912e-02          0.000000e+00          2.445480e-27          7.944861e-27          1.844706e-01          
6.222981e-01      6.161215e-01      8.045629e-01      6.473214e-01      6.408964e-01      2.033620e+00      2.726959e-01      4.820840e-01      7.757338e-01      2.437040e+00      1.519662e-01      3.626138e+02      4.905100e-06      5.458382e-02      1.000000e+00          9.219167e-01          -4.927071e+04     -5.656098e+03     2.491596e+03      5.265493e+04      4.279908e+02      0.000000e+00      0.000000e+00      0.000000e+00      0.000000e+00      7.722608e-01          4.375347e-02          0.000000e+00          2.337876e-27          7.595591e-27          1.839857e-01          
6.268809e-01      6.206588e-01      8.023508e-01      6.437668e-01      6.373771e-01      2.022453e+00      2.704528e-01      4.833171e-01      7.755797e-01      2.436555e+00      1.522847e-01      3.626184e+02      4.806369e-06      5.469367e-02      1.000000e+00          9.219630e-01          -4.937347e+04     -5.536152e+03     2.493640e+03      5.263409e+04      4.291254e+02      0.000000e+00      0.000000e+00      0.000000e+00      0.000000e+00      7.723736e-01          4.372981e-02          0.000000e+00          0.000000e+00          0.000000e+00          1.838966e-01          
6.300326e-01      6.237792e-01      8.008260e-01      6.413222e-01      6.349568e-01      2.014773e+00      2.689138e-01      4.842380e-01      7.755808e-01      2.436559e+00      1.525322e-01      3.626220e+02      4.748142e-06      5.477913e-02      1.000000e+00          9.219979e-01          -4.945334e+04     -5.460783e+03     2.494914e+03      5.263780e+04      4.299418e+02      0.000000e+00      0.000000e+00      0.000000e+00      0.000000e+00      7.724588e-01          4.371197e-02          0.000000e+00          0.000000e+00          1.267641e-23          1.838292e-01          
