#    #    Name      Section   Radical   Hyd.Lev.  MW[kg/kmol]     d[nm]       dsph[nm]    dcol[nm]    m[ng]           V[nm3]          np[-]       C         H         O         H/C       O/C       O/H       Teta(corr.fact.)  
1    1    BIN1B     1         0         B         250.30          0.80886     0.80886     0.00000     4.15633e-13     2.77089e-01     0.00        20        10        0         0.5000    0.0000    0.0000    -                 
2    2    BIN1A     1         0         A         256.35          0.81532     0.81532     0.00000     4.25676e-13     2.83784e-01     0.00        20        16        0         0.8000    0.0000    0.0000    -                 
3    3    BIN1C     1         0         C         244.25          0.80229     0.80229     0.00000     4.05590e-13     2.70393e-01     0.00        20        4         0         0.2000    0.0000    0.0000    -                 
4    4    BIN2C     2         0         C         488.50          1.01082     1.01082     0.00000     8.11180e-13     5.40787e-01     0.00        40        8         0         0.2000    0.0000    0.0000    -                 
5    5    BIN2B     2         0         B         496.57          1.01636     1.01636     0.00000     8.24570e-13     5.49714e-01     0.00        40        16        0         0.4000    0.0000    0.0000    -                 
6    6    BIN2A     2         0         A         511.69          1.02657     1.02657     0.00000     8.49678e-13     5.66452e-01     0.00        40        31        0         0.7750    0.0000    0.0000    -                 
7    7    BIN3C     3         0         C         968.94          1.27005     1.27005     0.00000     1.60897e-12     1.07265e+00     0.00        80        8         0         0.1000    0.0000    0.0000    -                 
8    8    BIN3B     3         0         B         985.07          1.27705     1.27705     0.00000     1.63575e-12     1.09050e+00     0.00        80        24        0         0.3000    0.0000    0.0000    -                 
9    9    BIN3A     3         0         A         1021.36         1.29255     1.29255     0.00000     1.69601e-12     1.13067e+00     0.00        80        60        0         0.7500    0.0000    0.0000    -                 
10   10   BIN4C     4         0         C         1929.82         1.59793     1.59793     0.00000     3.20455e-12     2.13637e+00     0.00        160       8         0         0.0500    0.0000    0.0000    -                 
11   11   BIN4B     4         0         B         1954.02         1.60458     1.60458     0.00000     3.24472e-12     2.16315e+00     0.00        160       32        0         0.2000    0.0000    0.0000    -                 
12   12   BIN4A     4         0         A         2038.69         1.62743     1.62743     0.00000     3.38532e-12     2.25688e+00     0.00        160       116       0         0.7250    0.0000    0.0000    -                 
76   13   BIN1CJ    1         1         C         243.24          0.80119     0.80119     0.00000     4.03916e-13     2.69277e-01     0.00        20        3         0         0.1500    0.0000    0.0000    -                 
77   14   BIN1BJ    1         1         B         249.29          0.80777     0.80777     0.00000     4.13959e-13     2.75973e-01     0.00        20        9         0         0.4500    0.0000    0.0000    -                 
78   15   BIN1AJ    1         1         A         255.34          0.81425     0.81425     0.00000     4.24002e-13     2.82668e-01     0.00        20        15        0         0.7500    0.0000    0.0000    -                 
79   16   BIN2CJ    2         1         C         487.50          1.01013     1.01013     0.00000     8.09506e-13     5.39671e-01     0.00        40        7         0         0.1750    0.0000    0.0000    -                 
80   17   BIN2BJ    2         1         B         495.56          1.01567     1.01567     0.00000     8.22897e-13     5.48598e-01     0.00        40        15        0         0.3750    0.0000    0.0000    -                 
81   18   BIN2AJ    2         1         A         510.68          1.02589     1.02589     0.00000     8.48004e-13     5.65336e-01     0.00        40        30        0         0.7500    0.0000    0.0000    -                 
82   19   BIN3CJ    3         1         C         967.94          1.26960     1.26960     0.00000     1.60730e-12     1.07153e+00     0.00        80        7         0         0.0875    0.0000    0.0000    -                 
83   20   BIN3BJ    3         1         B         984.06          1.27662     1.27662     0.00000     1.63408e-12     1.08938e+00     0.00        80        23        0         0.2875    0.0000    0.0000    -                 
84   21   BIN3AJ    3         1         A         1020.35         1.29212     1.29212     0.00000     1.69433e-12     1.12956e+00     0.00        80        59        0         0.7375    0.0000    0.0000    -                 
85   22   BIN4CJ    4         1         C         1928.82         1.59766     1.59766     0.00000     3.20287e-12     2.13525e+00     0.00        160       7         0         0.0437    0.0000    0.0000    -                 
86   23   BIN4BJ    4         1         B         1953.01         1.60431     1.60431     0.00000     3.24305e-12     2.16203e+00     0.00        160       31        0         0.1938    0.0000    0.0000    -                 
87   24   BIN4AJ    4         1         A         2037.68         1.62717     1.62717     0.00000     3.38365e-12     2.25576e+00     0.00        160       115       0         0.7188    0.0000    0.0000    -                 

13   1    BIN5C     5         0         C         3859.65         2.01327     2.01327     0.00000     6.40910e-12     4.27273e+00     0.00        320       16        0         0.0500    0.0000    0.0000    6.6465e-01        
14   2    BIN5B     5         0         B         3908.03         2.02165     2.02165     0.00000     6.48944e-12     4.32629e+00     0.00        320       64        0         0.2000    0.0000    0.0000    6.5937e-01        
15   3    BIN5A     5         0         A         4069.31         2.04909     2.04909     0.00000     6.75725e-12     4.50483e+00     0.00        320       224       0         0.7000    0.0000    0.0000    6.4253e-01        
16   4    BIN6C     6         0         C         7719.30         2.53656     2.53656     0.00000     1.28182e-11     8.54546e+00     0.00        640       32        0         0.0500    0.0000    0.0000    4.2652e-01        
17   5    BIN6B     6         0         B         7816.06         2.54712     2.54712     0.00000     1.29789e-11     8.65258e+00     0.00        640       128       0         0.2000    0.0000    0.0000    4.2313e-01        
18   6    BIN6A     6         0         A         8122.50         2.57998     2.57998     0.00000     1.34877e-11     8.99181e+00     0.00        640       432       0         0.6750    0.0000    0.0000    4.1284e-01        
19   7    BIN7C     7         0         C         15077.25        3.17074     3.17074     0.00000     2.50364e-11     1.66909e+01     0.00        1250      63        0         0.0504    0.0000    0.0000    2.7788e-01        
20   8    BIN7B     7         0         B         15265.75        3.18390     3.18390     0.00000     2.53494e-11     1.68996e+01     0.00        1250      250       0         0.2000    0.0000    0.0000    2.7568e-01        
21   9    BIN7A     7         0         A         15833.25        3.22287     3.22287     0.00000     2.62917e-11     1.75278e+01     0.00        1250      813       0         0.6504    0.0000    0.0000    2.6931e-01        
22   10   BIN8C     8         0         C         30153.50        3.99484     3.99484     0.00000     5.00711e-11     3.33807e+01     0.00        2500      125       0         0.0500    0.0000    0.0000    1.7832e-01        
23   11   BIN8B     8         0         B         30531.50        4.01146     4.01146     0.00000     5.06987e-11     3.37992e+01     0.00        2500      500       0         0.2000    0.0000    0.0000    1.7691e-01        
24   12   BIN8A     8         0         A         31603.00        4.05785     4.05785     0.00000     5.24780e-11     3.49853e+01     0.00        2500      1563      0         0.6252    0.0000    0.0000    1.7304e-01        
25   13   BIN9C     9         0         C         60307.00        5.03318     5.03318     0.00000     1.00142e-10     6.67614e+01     0.00        5000      250       0         0.0500    0.0000    0.0000    1.1443e-01        
26   14   BIN9B     9         0         B         61063.00        5.05412     5.05412     0.00000     1.01397e-10     6.75983e+01     0.00        5000      1000      0         0.2000    0.0000    0.0000    1.1352e-01        
27   15   BIN9A     9         0         A         63079.00        5.10914     5.10914     0.00000     1.04745e-10     6.98301e+01     0.00        5000      3000      0         0.6000    0.0000    0.0000    1.1119e-01        
28   16   BIN10C    10        0         C         120614.00       6.34141     6.34141     0.00000     2.00284e-10     1.33523e+02     0.00        10000     500       0         0.0500    0.0000    0.0000    7.3433e-02        
29   17   BIN10B    10        0         B         122126.00       6.36780     6.36780     0.00000     2.02795e-10     1.35197e+02     0.00        10000     2000      0         0.2000    0.0000    0.0000    7.2850e-02        
30   18   BIN10A    10        0         A         125906.00       6.43283     6.43283     0.00000     2.09072e-10     1.39381e+02     0.00        10000     5750      0         0.5750    0.0000    0.0000    7.1442e-02        
31   19   BIN11C    11        0         C         241227.99       7.95447     7.95447     0.00000     4.00568e-10     2.63532e+02     0.00        20000     1000      0         0.0500    0.0000    0.0000    7.1442e-02        
32   20   BIN11B    11        0         B         244251.99       7.98758     7.98758     0.00000     4.05590e-10     2.66835e+02     0.00        20000     4000      0         0.2000    0.0000    0.0000    7.1442e-02        
33   21   BIN11A    11        0         A         251307.99       8.06376     8.06376     0.00000     4.17307e-10     2.74544e+02     0.00        20000     11000     0         0.5500    0.0000    0.0000    7.1442e-02        
34   22   BIN12C    12        0         C         482455.99       9.97844     9.97844     0.00000     8.01137e-10     5.20219e+02     0.00        40000     2000      0         0.0500    0.0000    0.0000    7.1442e-02        
35   23   BIN12B    12        0         B         488503.99       10.01996    10.01996    0.00000     8.11180e-10     5.26740e+02     0.00        40000     8000      0         0.2000    0.0000    0.0000    7.1442e-02        
36   24   BIN12A    12        0         A         501607.99       10.10876    10.10876    0.00000     8.32940e-10     5.40870e+02     0.00        40000     21000     0         0.5250    0.0000    0.0000    7.1442e-02        
37   25   BIN13C    13        0         C         964911.97       12.91853    12.51808    12.91853    1.60227e-09     1.02710e+03     1.92        80000     4000      0         0.0500    0.0000    0.0000    7.1442e-02        
38   26   BIN13B    13        0         B         977007.97       13.00825    12.57017    13.00825    1.62236e-09     1.03997e+03     1.95        80000     16000     0         0.2000    0.0000    0.0000    7.1442e-02        
39   27   BIN13A    13        0         A         1001199.98      13.18622    12.67308    13.18622    1.66253e-09     1.06573e+03     2.00        80000     40000     0         0.5000    0.0000    0.0000    7.1442e-02        
40   28   BIN14C    14        0         C         1929823.95      18.98681    15.70497    18.98681    3.20455e-09     2.02819e+03     3.85        160000    8000      0         0.0500    0.0000    0.0000    7.1442e-02        
41   29   BIN14B    14        0         B         1954015.95      19.11868    15.77032    19.11868    3.24472e-09     2.05362e+03     3.90        160000    32000     0         0.2000    0.0000    0.0000    7.1442e-02        
42   30   BIN14A    14        0         A         1998367.95      19.35856    15.88874    19.35856    3.31837e-09     2.10023e+03     3.98        160000    76000     0         0.4750    0.0000    0.0000    7.1442e-02        
43   31   BIN15C    15        0         C         3859647.90      27.90557    19.70423    27.90557    6.40910e-09     4.00568e+03     7.69        320000    16000     0         0.0500    0.0000    0.0000    7.1442e-02        
44   32   BIN15B    15        0         B         3908031.90      28.09938    19.78622    28.09938    6.48944e-09     4.05590e+03     7.79        320000    64000     0         0.2000    0.0000    0.0000    7.1442e-02        
45   33   BIN15A    15        0         A         3988671.90      28.42003    19.92139    28.42003    6.62334e-09     4.13959e+03     7.95        320000    144000    0         0.4500    0.0000    0.0000    7.1442e-02        
46   34   BIN16C    16        0         C         7719295.80      41.01378    24.72318    41.01378    1.28182e-08     7.91246e+03     15.39       640000    32000     0         0.0500    0.0000    0.0000    7.1442e-02        
47   35   BIN16B    16        0         B         7816063.80      41.29862    24.82606    41.29862    1.29789e-08     8.01165e+03     15.58       640000    128000    0         0.2000    0.0000    0.0000    7.1442e-02        
48   36   BIN16A    16        0         A         7961215.80      41.72297    24.97880    41.72297    1.32199e-08     8.16044e+03     15.87       640000    272000    0         0.4250    0.0000    0.0000    7.1442e-02        
49   37   BIN17C    17        0         C         15076749.60     59.49034    30.77784    59.49034    2.50355e-08     1.52656e+04     30.06       1250000   62500     0         0.0500    0.0000    0.0000    7.1442e-02        
50   38   BIN17B    17        0         B         15265749.60     59.90351    30.90591    59.90351    2.53494e-08     1.54569e+04     30.43       1250000   250000    0         0.2000    0.0000    0.0000    7.1442e-02        
51   39   BIN17A    17        0         A         15517749.61     60.45087    31.07504    60.45087    2.57678e-08     1.57121e+04     30.94       1250000   500000    0         0.4000    0.0000    0.0000    7.1442e-02        
52   40   BIN18C    18        0         C         30153499.20     87.43501    38.62128    87.43501    5.00711e-08     3.01633e+04     60.11       2500000   125000    0         0.0500    0.0000    0.0000    7.1442e-02        
53   41   BIN18B    18        0         B         30531499.21     88.04225    38.78200    88.04225    5.06987e-08     3.05414e+04     60.87       2500000   500000    0         0.2000    0.0000    0.0000    7.1442e-02        
54   42   BIN18A    18        0         A         30972499.21     88.74649    38.96783    88.74649    5.14310e-08     3.09826e+04     61.75       2500000   937500    0         0.3750    0.0000    0.0000    7.1442e-02        
55   43   BIN19C    19        0         C         60306998.40     128.50625   48.46590    128.50625   1.00142e-07     5.96084e+04     120.23      5000000   250000    0         0.0500    0.0000    0.0000    7.1442e-02        
56   44   BIN19B    19        0         B         61062998.41     129.39873   48.66758    129.39873   1.01397e-07     6.03556e+04     121.73      5000000   1000000   0         0.2000    0.0000    0.0000    7.1442e-02        
57   45   BIN19A    19        0         A         61818998.43     130.28632   48.86760    130.28632   1.02653e-07     6.11029e+04     123.24      5000000   1750000   0         0.3500    0.0000    0.0000    7.1442e-02        
58   46   BIN20C    20        0         C         120613996.80    188.87006   60.82280    188.87006   2.00284e-07     1.17814e+05     240.45      10000000  500000    0         0.0500    0.0000    0.0000    7.1442e-02        
59   47   BIN20B    20        0         B         122125996.83    190.18178   61.07590    190.18178   2.02795e-07     1.19291e+05     243.47      10000000  2000000   0         0.2000    0.0000    0.0000    7.1442e-02        
60   48   BIN20A    20        0         A         123385996.85    191.26938   61.28522    191.26938   2.04887e-07     1.20522e+05     245.98      10000000  3250000   0         0.3250    0.0000    0.0000    7.1442e-02        
61   49   BIN21C    21        0         C         241227993.61    277.58885   76.33374    277.58885   4.00568e-07     2.32889e+05     480.91      20000000  1000000   0         0.0500    0.0000    0.0000    7.1442e-02        
62   50   BIN21B    21        0         B         244251993.66    279.51673   76.65139    279.51673   4.05590e-07     2.35808e+05     486.94      20000000  4000000   0         0.2000    0.0000    0.0000    7.1442e-02        
63   51   BIN21A    21        0         A         246267993.69    280.79609   76.86170    280.79609   4.08938e-07     2.37754e+05     490.96      20000000  6000000   0         0.3000    0.0000    0.0000    7.1442e-02        
64   52   BIN22C    22        0         C         482455987.22    407.98191   95.80458    407.98191   8.01137e-07     4.60423e+05     961.82      40000000  2000000   0         0.0500    0.0000    0.0000    7.1442e-02        
65   53   BIN22B    22        0         B         488503987.31    410.81537   96.20325    410.81537   8.11180e-07     4.66195e+05     973.88      40000000  8000000   0         0.2000    0.0000    0.0000    7.1442e-02        
66   54   BIN22A    22        0         A         492535987.38    412.69570   96.46721    412.69570   8.17875e-07     4.70043e+05     981.91      40000000  12000000  0         0.3000    0.0000    0.0000    7.1442e-02        
67   55   BIN23C    23        0         C         964911974.43    599.62508   120.24725   599.62508   1.60227e-06     9.10383e+05     1923.64     80000000  4000000   0         0.0500    0.0000    0.0000    7.1442e-02        
68   56   BIN23B    23        0         B         977007974.62    603.78952   120.74763   603.78952   1.62236e-06     9.21795e+05     1947.75     80000000  16000000  0         0.2000    0.0000    0.0000    7.1442e-02        
69   57   BIN23A    23        0         A         985071974.75    606.55310   121.07893   606.55310   1.63575e-06     9.29404e+05     1963.83     80000000  24000000  0         0.3000    0.0000    0.0000    7.1442e-02        
70   58   BIN24C    24        0         C         1929823948.86   881.28966   150.93248   881.28966   3.20455e-06     1.80031e+06     3847.28     160000000 8000000   0         0.0500    0.0000    0.0000    7.1442e-02        
71   59   BIN24B    24        0         B         1954015949.25   887.41029   151.56055   887.41029   3.24472e-06     1.82288e+06     3895.50     160000000 32000000  0         0.2000    0.0000    0.0000    7.1442e-02        
72   60   BIN24A    24        0         A         1970143949.51   891.47201   151.97639   891.47201   3.27150e-06     1.83792e+06     3927.66     160000000 48000000  0         0.3000    0.0000    0.0000    7.1442e-02        
73   61   BIN25C    25        0         C         3859647897.72   1295.26181  189.45607   1295.26181  6.40910e-06     3.56061e+06     7694.55     320000000 16000000  0         0.0500    0.0000    0.0000    7.1442e-02        
74   62   BIN25B    25        0         B         3908031898.50   1304.25751  190.24445   1304.25751  6.48944e-06     3.60524e+06     7791.01     320000000 64000000  0         0.2000    0.0000    0.0000    7.1442e-02        
75   63   BIN25A    25        0         A         3940287899.02   1310.22716  190.76643   1310.22716  6.54300e-06     3.63500e+06     7855.31     320000000 96000000  0         0.3000    0.0000    0.0000    7.1442e-02        
88   64   BIN5CJ    5         1         C         3858.64         2.01310     2.01310     0.00000     6.40742e-12     4.27161e+00     0.00        320       15        0         0.0469    0.0000    0.0000    6.6476e-01        
89   65   BIN5BJ    5         1         B         3907.02         2.02148     2.02148     0.00000     6.48776e-12     4.32518e+00     0.00        320       63        0         0.1969    0.0000    0.0000    6.5948e-01        
90   66   BIN5AJ    5         1         A         4068.30         2.04892     2.04892     0.00000     6.75558e-12     4.50372e+00     0.00        320       223       0         0.6969    0.0000    0.0000    6.4263e-01        
91   67   BIN6CJ    6         1         C         7718.29         2.53645     2.53645     0.00000     1.28165e-11     8.54434e+00     0.00        640       31        0         0.0484    0.0000    0.0000    4.2655e-01        
92   68   BIN6BJ    6         1         B         7815.06         2.54701     2.54701     0.00000     1.29772e-11     8.65147e+00     0.00        640       127       0         0.1984    0.0000    0.0000    4.2316e-01        
93   69   BIN6AJ    6         1         A         8121.49         2.57987     2.57987     0.00000     1.34860e-11     8.99070e+00     0.00        640       431       0         0.6734    0.0000    0.0000    4.1287e-01        
94   70   BIN7CJ    7         1         C         15076.25        3.17067     3.17067     0.00000     2.50347e-11     1.66898e+01     0.00        1250      62        0         0.0496    0.0000    0.0000    2.7789e-01        
95   71   BIN7BJ    7         1         B         15264.74        3.18383     3.18383     0.00000     2.53477e-11     1.68985e+01     0.00        1250      249       0         0.1992    0.0000    0.0000    2.7569e-01        
96   72   BIN7AJ    7         1         A         15832.25        3.22280     3.22280     0.00000     2.62901e-11     1.75267e+01     0.00        1250      812       0         0.6496    0.0000    0.0000    2.6933e-01        
97   73   BIN8CJ    8         1         C         30152.49        3.99479     3.99479     0.00000     5.00694e-11     3.33796e+01     0.00        2500      124       0         0.0496    0.0000    0.0000    1.7833e-01        
98   74   BIN8BJ    8         1         B         30530.49        4.01142     4.01142     0.00000     5.06971e-11     3.37980e+01     0.00        2500      499       0         0.1996    0.0000    0.0000    1.7691e-01        
99   75   BIN8AJ    8         1         A         31602.00        4.05781     4.05781     0.00000     5.24763e-11     3.49842e+01     0.00        2500      1562      0         0.6248    0.0000    0.0000    1.7305e-01        
100  76   BIN9CJ    9         1         C         60305.99        5.03315     5.03315     0.00000     1.00140e-10     6.67603e+01     0.00        5000      249       0         0.0498    0.0000    0.0000    1.1443e-01        
101  77   BIN9BJ    9         1         B         61061.99        5.05409     5.05409     0.00000     1.01396e-10     6.75972e+01     0.00        5000      999       0         0.1998    0.0000    0.0000    1.1352e-01        
102  78   BIN9AJ    9         1         A         63077.99        5.10911     5.10911     0.00000     1.04743e-10     6.98290e+01     0.00        5000      2999      0         0.5998    0.0000    0.0000    1.1119e-01        
103  79   BIN10CJ   10        1         C         120612.99       6.34139     6.34139     0.00000     2.00283e-10     1.33522e+02     0.00        10000     499       0         0.0499    0.0000    0.0000    7.3433e-02        
104  80   BIN10BJ   10        1         B         122124.99       6.36778     6.36778     0.00000     2.02793e-10     1.35196e+02     0.00        10000     1999      0         0.1999    0.0000    0.0000    7.2850e-02        
105  81   BIN10AJ   10        1         A         125904.99       6.43281     6.43281     0.00000     2.09070e-10     1.39380e+02     0.00        10000     5749      0         0.5749    0.0000    0.0000    7.1443e-02        
106  82   BIN11CJ   11        1         C         241226.99       7.95446     7.95446     0.00000     4.00567e-10     2.63531e+02     0.00        20000     999       0         0.0500    0.0000    0.0000    7.1442e-02        
107  83   BIN11BJ   11        1         B         244250.99       7.98756     7.98756     0.00000     4.05588e-10     2.66834e+02     0.00        20000     3999      0         0.1999    0.0000    0.0000    7.1442e-02        
108  84   BIN11AJ   11        1         A         251306.99       8.06375     8.06375     0.00000     4.17305e-10     2.74543e+02     0.00        20000     10999     0         0.5500    0.0000    0.0000    7.1442e-02        
109  85   BIN12CJ   12        1         C         482454.98       9.97843     9.97843     0.00000     8.01135e-10     5.20218e+02     0.00        40000     1999      0         0.0500    0.0000    0.0000    7.1442e-02        
110  86   BIN12BJ   12        1         B         488502.98       10.01995    10.01995    0.00000     8.11178e-10     5.26739e+02     0.00        40000     7999      0         0.2000    0.0000    0.0000    7.1442e-02        
111  87   BIN12AJ   12        1         A         501606.98       10.10876    10.10876    0.00000     8.32938e-10     5.40869e+02     0.00        40000     20999     0         0.5250    0.0000    0.0000    7.1442e-02        
112  88   BIN13CJ   13        1         C         964910.97       12.91852    12.51808    12.91852    1.60227e-09     1.02710e+03     1.92        80000     3999      0         0.0500    0.0000    0.0000    7.1442e-02        
113  89   BIN13BJ   13        1         B         977006.97       13.00824    12.57017    13.00824    1.62236e-09     1.03997e+03     1.95        80000     15999     0         0.2000    0.0000    0.0000    7.1442e-02        
114  90   BIN13AJ   13        1         A         1001198.97      13.18622    12.67308    13.18622    1.66253e-09     1.06572e+03     2.00        80000     39999     0         0.5000    0.0000    0.0000    7.1442e-02        
115  91   BIN14CJ   14        1         C         1929822.94      18.98680    15.70496    18.98680    3.20455e-09     2.02819e+03     3.85        160000    7999      0         0.0500    0.0000    0.0000    7.1442e-02        
116  92   BIN14BJ   14        1         B         1954014.94      19.11867    15.77032    19.11867    3.24472e-09     2.05362e+03     3.90        160000    31999     0         0.2000    0.0000    0.0000    7.1442e-02        
117  93   BIN14AJ   14        1         A         1998366.94      19.35855    15.88874    19.35855    3.31837e-09     2.10023e+03     3.98        160000    75999     0         0.4750    0.0000    0.0000    7.1442e-02        
118  94   BIN15CJ   15        1         C         3859646.89      27.90557    19.70422    27.90557    6.40909e-09     4.00568e+03     7.69        320000    15999     0         0.0500    0.0000    0.0000    7.1442e-02        
119  95   BIN15BJ   15        1         B         3908030.89      28.09937    19.78622    28.09937    6.48944e-09     4.05590e+03     7.79        320000    63999     0         0.2000    0.0000    0.0000    7.1442e-02        
120  96   BIN15AJ   15        1         A         3988670.89      28.42003    19.92139    28.42003    6.62334e-09     4.13959e+03     7.95        320000    143999    0         0.4500    0.0000    0.0000    7.1442e-02        
121  97   BIN16CJ   16        1         C         7719294.79      41.01378    24.72318    41.01378    1.28182e-08     7.91246e+03     15.39       640000    31999     0         0.0500    0.0000    0.0000    7.1442e-02        
122  98   BIN16BJ   16        1         B         7816062.79      41.29862    24.82606    41.29862    1.29789e-08     8.01165e+03     15.58       640000    127999    0         0.2000    0.0000    0.0000    7.1442e-02        
123  99   BIN16AJ   16        1         A         7961214.79      41.72296    24.97880    41.72296    1.32199e-08     8.16044e+03     15.87       640000    271999    0         0.4250    0.0000    0.0000    7.1442e-02        
124  100  BIN17CJ   17        1         C         15076748.59     59.49034    30.77784    59.49034    2.50355e-08     1.52656e+04     30.06       1250000   62499     0         0.0500    0.0000    0.0000    7.1442e-02        
125  101  BIN17BJ   17        1         B         15265748.60     59.90351    30.90591    59.90351    2.53494e-08     1.54569e+04     30.43       1250000   249999    0         0.2000    0.0000    0.0000    7.1442e-02        
126  102  BIN17AJ   17        1         A         15517748.60     60.45087    31.07504    60.45087    2.57678e-08     1.57121e+04     30.94       1250000   499999    0         0.4000    0.0000    0.0000    7.1442e-02        
127  103  BIN18CJ   18        1         C         30153498.19     87.43501    38.62128    87.43501    5.00711e-08     3.01633e+04     60.11       2500000   124999    0         0.0500    0.0000    0.0000    7.1442e-02        
128  104  BIN18BJ   18        1         B         30531498.20     88.04225    38.78199    88.04225    5.06987e-08     3.05414e+04     60.87       2500000   499999    0         0.2000    0.0000    0.0000    7.1442e-02        
129  105  BIN18AJ   18        1         A         30972498.21     88.74649    38.96783    88.74649    5.14310e-08     3.09826e+04     61.75       2500000   937499    0         0.3750    0.0000    0.0000    7.1442e-02        
130  106  BIN19CJ   19        1         C         60306997.39     128.50625   48.46590    128.50625   1.00142e-07     5.96084e+04     120.23      5000000   249999    0         0.0500    0.0000    0.0000    7.1442e-02        
131  107  BIN19BJ   19        1         B         61062997.41     129.39873   48.66758    129.39873   1.01397e-07     6.03556e+04     121.73      5000000   999999    0         0.2000    0.0000    0.0000    7.1442e-02        
132  108  BIN19AJ   19        1         A         61818997.42     130.28632   48.86760    130.28632   1.02653e-07     6.11029e+04     123.24      5000000   1749999   0         0.3500    0.0000    0.0000    7.1442e-02        
133  109  BIN20CJ   20        1         C         120613995.80    188.87006   60.82280    188.87006   2.00284e-07     1.17814e+05     240.45      10000000  499999    0         0.0500    0.0000    0.0000    7.1442e-02        
134  110  BIN20BJ   20        1         B         122125995.82    190.18178   61.07590    190.18178   2.02795e-07     1.19291e+05     243.47      10000000  1999999   0         0.2000    0.0000    0.0000    7.1442e-02        
135  111  BIN20AJ   20        1         A         123385995.84    191.26938   61.28522    191.26938   2.04887e-07     1.20522e+05     245.98      10000000  3249999   0         0.3250    0.0000    0.0000    7.1442e-02        
136  112  BIN21CJ   21        1         C         241227992.60    277.58885   76.33374    277.58885   4.00568e-07     2.32889e+05     480.91      20000000  999999    0         0.0500    0.0000    0.0000    7.1442e-02        
137  113  BIN21BJ   21        1         B         244251992.65    279.51672   76.65139    279.51672   4.05590e-07     2.35808e+05     486.94      20000000  3999999   0         0.2000    0.0000    0.0000    7.1442e-02        
138  114  BIN21AJ   21        1         A         246267992.68    280.79609   76.86170    280.79609   4.08938e-07     2.37754e+05     490.96      20000000  5999999   0         0.3000    0.0000    0.0000    7.1442e-02        
139  115  BIN22CJ   22        1         C         482455986.21    407.98190   95.80458    407.98190   8.01137e-07     4.60423e+05     961.82      40000000  1999999   0         0.0500    0.0000    0.0000    7.1442e-02        
140  116  BIN22BJ   22        1         B         488503986.30    410.81537   96.20325    410.81537   8.11180e-07     4.66195e+05     973.88      40000000  7999999   0         0.2000    0.0000    0.0000    7.1442e-02        
141  117  BIN22AJ   22        1         A         492535986.37    412.69570   96.46721    412.69570   8.17875e-07     4.70043e+05     981.91      40000000  11999999  0         0.3000    0.0000    0.0000    7.1442e-02        
142  118  BIN23CJ   23        1         C         964911973.42    599.62508   120.24725   599.62508   1.60227e-06     9.10383e+05     1923.64     80000000  3999999   0         0.0500    0.0000    0.0000    7.1442e-02        
143  119  BIN23BJ   23        1         B         977007973.62    603.78952   120.74763   603.78952   1.62236e-06     9.21795e+05     1947.75     80000000  15999999  0         0.2000    0.0000    0.0000    7.1442e-02        
144  120  BIN23AJ   23        1         A         985071973.75    606.55310   121.07893   606.55310   1.63575e-06     9.29404e+05     1963.83     80000000  23999999  0         0.3000    0.0000    0.0000    7.1442e-02        
145  121  BIN24CJ   24        1         C         1929823947.85   881.28966   150.93248   881.28966   3.20455e-06     1.80031e+06     3847.28     160000000 7999999   0         0.0500    0.0000    0.0000    7.1442e-02        
146  122  BIN24BJ   24        1         B         1954015948.24   887.41029   151.56055   887.41029   3.24472e-06     1.82288e+06     3895.50     160000000 31999999  0         0.2000    0.0000    0.0000    7.1442e-02        
147  123  BIN24AJ   24        1         A         1970143948.50   891.47201   151.97639   891.47201   3.27150e-06     1.83792e+06     3927.66     160000000 47999999  0         0.3000    0.0000    0.0000    7.1442e-02        
148  124  BIN25CJ   25        1         C         3859647896.71   1295.26181  189.45607   1295.26181  6.40910e-06     3.56061e+06     7694.55     320000000 15999999  0         0.0500    0.0000    0.0000    7.1442e-02        
149  125  BIN25BJ   25        1         B         3908031897.49   1304.25751  190.24445   1304.25751  6.48944e-06     3.60524e+06     7791.01     320000000 63999999  0         0.2000    0.0000    0.0000    7.1442e-02        
150  126  BIN25AJ   25        1         A         3940287898.01   1310.22716  190.76643   1310.22716  6.54300e-06     3.63500e+06     7855.31     320000000 95999999  0         0.3000    0.0000    0.0000    7.1442e-02        
