t[s](1)             x[m](2)             y[m](3)             z[m](4)             T[K](5)             P[Pa](6)            QR[W/m3](7)         O2(8)           N2(9)           H2(10)          
0.000000e+00        0.000000e+00        0.000000e+00        0.000000e+00        1.127000e+03        1.013250e+06        -1.616633e+07       0.000000e+00    0.000000e+00    2.904757e-03    
8.178382e-09        8.178382e-09        0.000000e+00        0.000000e+00        1.127000e+03        1.013250e+06        -9.736862e+06       4.619210e-27    0.000000e+00    9.803272e-03    
2.379405e-07        2.379405e-07        0.000000e+00        0.000000e+00        1.127000e+03        1.013250e+06        -1.106222e+07       7.442384e-27    0.000000e+00    9.400562e-03    
8.147570e-07        8.147568e-07        0.000000e+00        0.000000e+00        1.126999e+03        1.013250e+06        -1.124890e+07       1.116510e-27    0.000000e+00    1.047766e-02    
1.841631e-06        1.841630e-06        0.000000e+00        0.000000e+00        1.126999e+03        1.013250e+06        -1.138440e+07       1.348962e-27    0.000000e+00    1.181464e-02    
4.007815e-06        4.007812e-06        0.000000e+00        0.000000e+00        1.126997e+03        1.013250e+06        -1.160095e+07       2.778817e-27    0.000000e+00    1.335805e-02    
6.810033e-06        6.810025e-06        0.000000e+00        0.000000e+00        1.126995e+03        1.013250e+06        -1.183981e+07       4.442675e-27    0.000000e+00    1.442612e-02    
1.093139e-05        1.093137e-05        0.000000e+00        0.000000e+00        1.126992e+03        1.013250e+06        -1.217365e+07       9.108607e-27    0.000000e+00    1.560139e-02    
1.775340e-05        1.775335e-05        0.000000e+00        0.000000e+00        1.126987e+03        1.013250e+06        -1.271945e+07       1.051471e-26    0.000000e+00    1.747029e-02    
3.111113e-05        3.111101e-05        0.000000e+00        0.000000e+00        1.126976e+03        1.013250e+06        -1.377638e+07       -2.256525e-22   0.000000e+00    2.117445e-02    
5.736876e-05        5.736841e-05        0.000000e+00        0.000000e+00        1.126953e+03        1.013250e+06        -1.579440e+07       -1.332088e-20   0.000000e+00    2.844925e-02    
7.243197e-05        7.243147e-05        0.000000e+00        0.000000e+00        1.126938e+03        1.013250e+06        -1.691841e+07       -8.592380e-21   0.000000e+00    3.258797e-02    
1.025584e-04        1.025576e-04        0.000000e+00        0.000000e+00        1.126904e+03        1.013250e+06        -1.907097e+07       -2.485424e-21   0.000000e+00    4.074507e-02    
1.599574e-04        1.599567e-04        0.000000e+00        0.000000e+00        1.126831e+03        1.013250e+06        -2.280996e+07       -8.652528e-21   0.000000e+00    5.566503e-02    
2.461099e-04        2.461118e-04        0.000000e+00        0.000000e+00        1.126698e+03        1.013250e+06        -2.747867e+07       -2.085492e-20   0.000000e+00    7.592466e-02    
3.500755e-04        3.500881e-04        0.000000e+00        0.000000e+00        1.126510e+03        1.013250e+06        -3.165906e+07       5.251636e-21    0.000000e+00    9.616597e-02    
4.771267e-04        4.771684e-04        0.000000e+00        0.000000e+00        1.126251e+03        1.013250e+06        -3.499814e+07       -1.163919e-19   0.000000e+00    1.145661e-01    
5.664046e-04        5.664799e-04        0.000000e+00        0.000000e+00        1.126056e+03        1.013250e+06        -3.646934e+07       -2.642933e-19   0.000000e+00    1.238741e-01    
6.380769e-04        6.381882e-04        0.000000e+00        0.000000e+00        1.125895e+03        1.013250e+06        -3.727648e+07       -3.118080e-19   0.000000e+00    1.296189e-01    
7.814215e-04        7.816309e-04        0.000000e+00        0.000000e+00        1.125564e+03        1.013250e+06        -3.819520e+07       -1.396629e-19   0.000000e+00    1.376786e-01    
9.892586e-04        9.896771e-04        0.000000e+00        0.000000e+00        1.125076e+03        1.013250e+06        -3.857854e+07       -1.325021e-19   0.000000e+00    1.442808e-01    
1.245779e-03        1.246572e-03        0.000000e+00        0.000000e+00        1.124472e+03        1.013250e+06        -3.833126e+07       -4.577870e-19   0.000000e+00    1.484791e-01    
1.576436e-03        1.577909e-03        0.000000e+00        0.000000e+00        1.123704e+03        1.013250e+06        -3.763736e+07       -5.562317e-19   0.000000e+00    1.516599e-01    
1.943371e-03        1.945868e-03        0.000000e+00        0.000000e+00        1.122868e+03        1.013250e+06        -3.671937e+07       -4.564570e-19   0.000000e+00    1.544058e-01    
2.381037e-03        2.385140e-03        0.000000e+00        0.000000e+00        1.121899e+03        1.013250e+06        -3.546442e+07       1.135387e-19    0.000000e+00    1.575310e-01    
2.836387e-03        2.842618e-03        0.000000e+00        0.000000e+00        1.120923e+03        1.013250e+06        -3.434888e+07       6.777591e-21    0.000000e+00    1.607174e-01    
3.005153e-03        3.012295e-03        0.000000e+00        0.000000e+00        1.120569e+03        1.013250e+06        -3.387416e+07       -5.796601e-20   0.000000e+00    1.619059e-01    
3.170836e-03        3.178938e-03        0.000000e+00        0.000000e+00        1.120227e+03        1.013250e+06        -3.342945e+07       -4.177862e-20   0.000000e+00    1.630293e-01    
3.557430e-03        3.568026e-03        0.000000e+00        0.000000e+00        1.119444e+03        1.013250e+06        -3.239210e+07       -3.258357e-20   0.000000e+00    1.655821e-01    
4.330618e-03        4.347312e-03        0.000000e+00        0.000000e+00        1.117950e+03        1.013250e+06        -3.032144e+07       -2.026054e-20   0.000000e+00    1.703698e-01    
5.615758e-03        5.646031e-03        0.000000e+00        0.000000e+00        1.115676e+03        1.013250e+06        -2.687587e+07       -1.642987e-20   0.000000e+00    1.774433e-01    
7.408243e-03        7.465153e-03        0.000000e+00        0.000000e+00        1.112932e+03        1.013250e+06        -2.194505e+07       5.255077e-20    0.000000e+00    1.857652e-01    
9.673001e-03        9.777459e-03        0.000000e+00        0.000000e+00        1.110141e+03        1.013250e+06        -1.710423e+07       6.058827e-23    0.000000e+00    1.943405e-01    
1.240806e-02        1.259242e-02        0.000000e+00        0.000000e+00        1.107688e+03        1.013250e+06        -1.147253e+07       6.968464e-59    0.000000e+00    2.025280e-01    
1.451509e-02        1.477902e-02        0.000000e+00        0.000000e+00        1.106410e+03        1.013250e+06        -7.671665e+06       -5.046067e-19   0.000000e+00    2.076413e-01    
1.569694e-02        1.601273e-02        0.000000e+00        0.000000e+00        1.105905e+03        1.013250e+06        -5.699746e+06       -1.939034e-19   0.000000e+00    2.101723e-01    
1.839831e-02        1.885309e-02        0.000000e+00        0.000000e+00        1.105270e+03        1.013250e+06        -1.678083e+06       6.225236e-20    0.000000e+00    2.152117e-01    
2.364369e-02        2.445476e-02        0.000000e+00        0.000000e+00        1.105844e+03        1.013250e+06        4.853164e+06        4.856194e-20    0.000000e+00    2.227863e-01    
3.072141e-02        3.221116e-02        0.000000e+00        0.000000e+00        1.109724e+03        1.013250e+06        1.117894e+07        -7.062382e-19   0.000000e+00    2.298655e-01    
3.867898e-02        4.123463e-02        0.000000e+00        0.000000e+00        1.117522e+03        1.013250e+06        1.660805e+07        -5.509585e-19   0.000000e+00    2.344311e-01    
4.523839e-02        4.894146e-02        0.000000e+00        0.000000e+00        1.126243e+03        1.013250e+06        2.020894e+07        -1.719527e-19   0.000000e+00    2.351083e-01    
4.659187e-02        5.056465e-02        0.000000e+00        0.000000e+00        1.128275e+03        1.013250e+06        2.084387e+07        -1.346935e-19   0.000000e+00    2.348061e-01    
4.968552e-02        5.431812e-02        0.000000e+00        0.000000e+00        1.133188e+03        1.013250e+06        2.212741e+07        -6.525015e-20   0.000000e+00    2.333234e-01    
5.650330e-02        6.281780e-02        0.000000e+00        0.000000e+00        1.145226e+03        1.013250e+06        2.434898e+07        7.998182e-20    0.000000e+00    2.254334e-01    
6.405875e-02        7.262805e-02        0.000000e+00        0.000000e+00        1.160057e+03        1.013250e+06        2.541176e+07        -9.427327e-21   0.000000e+00    2.060784e-01    
7.161421e-02        8.287068e-02        0.000000e+00        0.000000e+00        1.175544e+03        1.013250e+06        2.454293e+07        -5.859010e-20   0.000000e+00    1.730510e-01    
7.916966e-02        9.353954e-02        0.000000e+00        0.000000e+00        1.190369e+03        1.013250e+06        2.160126e+07        6.168471e-23    0.000000e+00    1.303919e-01    
8.672511e-02        1.045897e-01        0.000000e+00        0.000000e+00        1.203266e+03        1.013250e+06        1.745753e+07        -6.425775e-20   0.000000e+00    8.989988e-02    
9.428056e-02        1.159478e-01        0.000000e+00        0.000000e+00        1.213669e+03        1.013250e+06        1.348584e+07        -4.551010e-21   0.000000e+00    6.157801e-02    
1.018360e-01        1.275378e-01        0.000000e+00        0.000000e+00        1.221860e+03        1.013250e+06        1.055471e+07        -4.723625e-21   0.000000e+00    4.657602e-02    
1.093915e-01        1.393002e-01        0.000000e+00        0.000000e+00        1.228507e+03        1.013250e+06        8.725457e+06        4.891233e-21    0.000000e+00    4.095456e-02    
1.169469e-01        1.511958e-01        0.000000e+00        0.000000e+00        1.234240e+03        1.013250e+06        7.719011e+06        -3.790837e-21   0.000000e+00    4.066980e-02    
1.235957e-01        1.617552e-01        0.000000e+00        0.000000e+00        1.238892e+03        1.013250e+06        7.281706e+06        -1.748091e-19   0.000000e+00    4.260921e-02    
1.301589e-01        1.722529e-01        0.000000e+00        0.000000e+00        1.243330e+03        1.013250e+06        7.113588e+06        5.869641e-24    0.000000e+00    4.532763e-02    
1.375002e-01        1.840766e-01        0.000000e+00        0.000000e+00        1.248258e+03        1.013250e+06        7.082175e+06        2.275557e-48    0.000000e+00    4.849282e-02    
1.464101e-01        1.985374e-01        0.000000e+00        0.000000e+00        1.254303e+03        1.013250e+06        7.166260e+06        -1.132055e-21   0.000000e+00    5.184778e-02    
1.553199e-01        2.131175e-01        0.000000e+00        0.000000e+00        1.260467e+03        1.013250e+06        7.261299e+06        4.492340e-48    0.000000e+00    5.439745e-02    
1.661628e-01        2.310203e-01        0.000000e+00        0.000000e+00        1.268099e+03        1.013250e+06        7.311829e+06        -1.595908e-20   0.000000e+00    5.642757e-02    
1.770057e-01        2.490963e-01        0.000000e+00        0.000000e+00        1.275775e+03        1.013250e+06        7.236922e+06        -6.052693e-21   0.000000e+00    5.746134e-02    
1.900206e-01        2.710164e-01        0.000000e+00        0.000000e+00        1.284847e+03        1.013250e+06        6.969987e+06        1.650680e-47    0.000000e+00    5.762272e-02    
