t[s](1)             T[K](2)             P[Pa](3)            V[m3](4)            rho[kg/m3](5)       MW[kg/kmol](6)      Qgas[W/m3](7)       Qsurf[W/m2](8)      Rh_surface(9)       Rh(s)_z(10)     H2O(s)_z(11)    H(s)_z(12)      OH(s)_z(13)     O(s)_z(14)      O2_x(15)        H2_x(16)        H2O_x(17)       AR_x(18)        N2_x(19)        O2_w(20)        H2_w(21)        H2O_w(22)       AR_w(23)        N2_w(24)        
0.000000e+00        7.000000e+02        1.013250e+05        1.000000e-04        4.319748e-01        2.481270e+01        -0.000000e+00       -8.532894e+06       2.720000e-08        1.000000e+00    0.000000e+00    0.000000e+00    0.000000e+00    0.000000e+00    1.000000e-01    1.000000e-01    1.000000e-01    0.000000e+00    7.000000e-01    1.289582e-01    8.124872e-03    7.260395e-02    0.000000e+00    7.903130e-01    
4.863087e-13        7.000000e+02        1.013250e+05        1.000000e-04        4.319748e-01        2.481270e+01        -0.000000e+00       -8.325088e+06       2.720000e-08        9.999979e-01    6.976124e-07    1.265930e-06    2.732870e-12    1.059184e-07    1.000000e-01    1.000000e-01    1.000000e-01    0.000000e+00    7.000000e-01    1.289582e-01    8.124872e-03    7.260395e-02    0.000000e+00    7.903130e-01    
6.891239e-12        7.000000e+02        1.013250e+05        1.000000e-04        4.319748e-01        2.481270e+01        -0.000000e+00       -5.997245e+06       2.720000e-08        9.999720e-01    8.512171e-06    1.793885e-05    4.956264e-10    1.500879e-06    1.000000e-01    1.000000e-01    1.000000e-01    0.000000e+00    7.000000e-01    1.289582e-01    8.124872e-03    7.260395e-02    0.000000e+00    7.903130e-01    
2.738606e-11        7.000000e+02        1.013250e+05        1.000000e-04        4.319748e-01        2.481270e+01        -0.000000e+00       -1.954133e+06       2.720000e-08        9.999007e-01    2.208416e-05    7.128829e-05    5.834444e-09    5.964151e-06    1.000000e-01    1.000000e-01    1.000000e-01    0.000000e+00    7.000000e-01    1.289582e-01    8.124872e-03    7.260395e-02    0.000000e+00    7.903130e-01    
5.577300e-11        7.000000e+02        1.013250e+05        1.000000e-04        4.319748e-01        2.481270e+01        -0.000000e+00       -1.629179e+05       2.720000e-08        9.998146e-01    2.809547e-05    1.451744e-04    1.726218e-08    1.214540e-05    1.000000e-01    1.000000e-01    1.000000e-01    0.000000e+00    7.000000e-01    1.289582e-01    8.124872e-03    7.260395e-02    0.000000e+00    7.903130e-01    
9.279803e-11        7.000000e+02        1.013250e+05        1.000000e-04        4.319748e-01        2.481270e+01        -0.000000e+00       3.471528e+05        2.720000e-08        9.997084e-01    2.980505e-05    2.415279e-04    3.371508e-08    2.020653e-05    1.000000e-01    1.000000e-01    1.000000e-01    0.000000e+00    7.000000e-01    1.289582e-01    8.124872e-03    7.260395e-02    0.000000e+00    7.903130e-01    
1.455156e-10        7.000000e+02        1.013250e+05        1.000000e-04        4.319748e-01        2.481270e+01        -0.000000e+00       4.421073e+05        2.720000e-08        9.995595e-01    3.011980e-05    3.786862e-04    5.685282e-08    3.168233e-05    1.000000e-01    1.000000e-01    1.000000e-01    0.000000e+00    7.000000e-01    1.289582e-01    8.124871e-03    7.260395e-02    0.000000e+00    7.903130e-01    
2.324784e-10        7.000000e+02        1.013250e+05        1.000000e-04        4.319748e-01        2.481270e+01        -0.000000e+00       4.499308e+05        2.720000e-08        9.993143e-01    3.013942e-05    6.048545e-04    9.275145e-08    5.060768e-05    1.000000e-01    1.000000e-01    1.000000e-01    0.000000e+00    7.000000e-01    1.289582e-01    8.124871e-03    7.260395e-02    0.000000e+00    7.903130e-01    
4.383362e-10        7.000000e+02        1.013250e+05        1.000000e-04        4.319748e-01        2.481270e+01        -0.000000e+00       4.495379e+05        2.720000e-08        9.987345e-01    3.012240e-05    1.139802e-03    1.670147e-07    9.538114e-05    1.000000e-01    9.999999e-02    1.000000e-01    0.000000e+00    7.000000e-01    1.289582e-01    8.124871e-03    7.260395e-02    0.000000e+00    7.903130e-01    
1.338529e-09        7.000000e+02        1.013250e+05        1.000000e-04        4.319748e-01        2.481270e+01        -0.000000e+00       4.472856e+05        2.720000e-08        9.962072e-01    3.004656e-05    3.471663e-03    3.748598e-07    2.906693e-04    1.000000e-01    9.999998e-02    1.000000e-01    0.000000e+00    7.000000e-01    1.289581e-01    8.124870e-03    7.260395e-02    0.000000e+00    7.903130e-01    
2.812872e-09        7.000000e+02        1.013250e+05        1.000000e-04        4.319748e-01        2.481270e+01        -0.000000e+00       4.435492e+05        2.720000e-08        9.920974e-01    2.992357e-05    7.263642e-03    5.723979e-07    6.084833e-04    1.000000e-01    9.999995e-02    1.000000e-01    0.000000e+00    7.000000e-01    1.289581e-01    8.124867e-03    7.260395e-02    0.000000e+00    7.903130e-01    
4.764407e-09        7.000000e+02        1.013250e+05        1.000000e-04        4.319748e-01        2.481270e+01        -0.000000e+00       4.386163e+05        2.720000e-08        9.867163e-01    2.976352e-05    1.222807e-02    8.900928e-07    1.024955e-03    1.000000e-01    9.999991e-02    1.000000e-01    0.000000e+00    7.000001e-01    1.289581e-01    8.124864e-03    7.260395e-02    0.000000e+00    7.903130e-01    
7.687661e-09        7.000000e+02        1.013250e+05        1.000000e-04        4.319748e-01        2.481270e+01        -0.000000e+00       4.317732e+05        2.720000e-08        9.787902e-01    2.953148e-05    1.953908e-02    1.643438e-06    1.639534e-03    1.000000e-01    9.999986e-02    1.000000e-01    0.000000e+00    7.000001e-01    1.289581e-01    8.124860e-03    7.260395e-02    0.000000e+00    7.903131e-01    
1.281814e-08        7.000000e+02        1.013250e+05        1.000000e-04        4.319748e-01        2.481271e+01        -0.000000e+00       4.227517e+05        2.720000e-08        9.653057e-01    2.915180e-05    3.197137e-02    3.566381e-06    2.690173e-03    1.000000e-01    9.999978e-02    1.000000e-01    0.000000e+00    7.000002e-01    1.289581e-01    8.124852e-03    7.260395e-02    0.000000e+00    7.903131e-01    
2.445136e-08        7.000000e+02        1.013250e+05        1.000000e-04        4.319748e-01        2.481271e+01        -0.000000e+00       4.206975e+05        2.720000e-08        9.370359e-01    2.843796e-05    5.800071e-02    9.225198e-06    4.925761e-03    1.000000e-01    9.999960e-02    1.000000e-01    0.000000e+00    7.000003e-01    1.289581e-01    8.124836e-03    7.260395e-02    0.000000e+00    7.903131e-01    
4.652001e-08        7.000000e+02        1.013249e+05        1.000000e-04        4.319748e-01        2.481272e+01        -0.000000e+00       4.773107e+05        2.720000e-08        8.934527e-01    2.760528e-05    9.798418e-02    2.037446e-05    8.515169e-03    1.000000e-01    9.999931e-02    1.000001e-01    0.000000e+00    7.000006e-01    1.289581e-01    8.124810e-03    7.260396e-02    0.000000e+00    7.903131e-01    
7.726831e-08        7.000000e+02        1.013249e+05        1.000000e-04        4.319747e-01        2.481272e+01        -0.000000e+00       6.073532e+05        2.720000e-08        8.540286e-01    2.718499e-05    1.338595e-01    3.232818e-05    1.205245e-02    1.000000e-01    9.999904e-02    1.000001e-01    0.000000e+00    7.000008e-01    1.289580e-01    8.124786e-03    7.260399e-02    0.000000e+00    7.903132e-01    
1.139425e-07        7.000000e+02        1.013249e+05        1.000000e-04        4.319747e-01        2.481273e+01        -0.000000e+00       7.368608e+05        2.720000e-08        8.302756e-01    2.713216e-05    1.551093e-01    4.086898e-05    1.454708e-02    9.999998e-02    9.999884e-02    1.000002e-01    0.000000e+00    7.000010e-01    1.289580e-01    8.124769e-03    7.260402e-02    0.000000e+00    7.903132e-01    
1.775174e-07        7.000000e+02        1.013248e+05        1.000000e-04        4.319747e-01        2.481273e+01        -0.000000e+00       8.523072e+05        2.720000e-08        8.166916e-01    2.724575e-05    1.666602e-01    4.755423e-05    1.657342e-02    9.999993e-02    9.999866e-02    1.000003e-01    0.000000e+00    7.000011e-01    1.289579e-01    8.124752e-03    7.260411e-02    0.000000e+00    7.903132e-01    
2.736664e-07        7.000000e+02        1.013248e+05        1.000000e-04        4.319747e-01        2.481273e+01        -0.000000e+00       9.131046e+05        2.720000e-08        8.135368e-01    2.738062e-05    1.686280e-01    5.113364e-05    1.775668e-02    9.999983e-02    9.999845e-02    1.000006e-01    0.000000e+00    7.000012e-01    1.289578e-01    8.124735e-03    7.260425e-02    0.000000e+00    7.903133e-01    
4.100623e-07        7.000000e+02        1.013248e+05        1.000000e-04        4.319747e-01        2.481274e+01        -0.000000e+00       9.429089e+05        2.720000e-08        8.133199e-01    2.747064e-05    1.681824e-01    5.300845e-05    1.841722e-02    9.999969e-02    9.999818e-02    1.000009e-01    0.000000e+00    7.000013e-01    1.289576e-01    8.124711e-03    7.260447e-02    0.000000e+00    7.903133e-01    
6.585130e-07        7.000000e+02        1.013248e+05        1.000000e-04        4.319747e-01        2.481274e+01        -0.000000e+00       9.586753e+05        2.720000e-08        8.133627e-01    2.752116e-05    1.677753e-01    5.402410e-05    1.878042e-02    9.999944e-02    9.999765e-02    1.000015e-01    0.000000e+00    7.000015e-01    1.289572e-01    8.124667e-03    7.260487e-02    0.000000e+00    7.903133e-01    
1.090264e-06        7.000000e+02        1.013247e+05        1.000000e-04        4.319747e-01        2.481276e+01        -0.000000e+00       9.624400e+05        2.720000e-08        8.133758e-01    2.753348e-05    1.676746e-01    5.426794e-05    1.886778e-02    9.999900e-02    9.999673e-02    1.000025e-01    0.000000e+00    7.000018e-01    1.289566e-01    8.124588e-03    7.260558e-02    0.000000e+00    7.903133e-01    
1.835071e-06        7.000000e+02        1.013247e+05        1.000000e-04        4.319747e-01        2.481278e+01        -0.000000e+00       9.626890e+05        2.720000e-08        8.133778e-01    2.753473e-05    1.676666e-01    5.428452e-05    1.887375e-02    9.999825e-02    9.999514e-02    1.000042e-01    0.000000e+00    7.000024e-01    1.289555e-01    8.124452e-03    7.260679e-02    0.000000e+00    7.903133e-01    
3.963228e-06        7.000000e+02        1.013244e+05        1.000000e-04        4.319747e-01        2.481284e+01        -0.000000e+00       9.626763e+05        2.720000e-08        8.133813e-01    2.753597e-05    1.676628e-01    5.428504e-05    1.887404e-02    9.999609e-02    9.999059e-02    1.000093e-01    0.000000e+00    7.000041e-01    1.289524e-01    8.124062e-03    7.261027e-02    0.000000e+00    7.903133e-01    
4.282790e-05        7.000000e+02        1.013200e+05        1.000000e-04        4.319747e-01        2.481392e+01        -0.000000e+00       9.624050e+05        2.720000e-08        8.134446e-01    2.755850e-05    1.675951e-01    5.429182e-05    1.887841e-02    9.995672e-02    9.990748e-02    1.001011e-01    0.000000e+00    7.000347e-01    1.288960e-01    8.116955e-03    7.267379e-02    0.000000e+00    7.903133e-01    
8.928589e-04        7.000000e+02        1.012234e+05        1.000000e-04        4.319747e-01        2.483761e+01        -0.000000e+00       9.564805e+05        2.720000e-08        8.148332e-01    2.805083e-05    1.661083e-01    5.444411e-05    1.897600e-02    9.909760e-02    9.809378e-02    1.021057e-01    0.000000e+00    7.007029e-01    1.276663e-01    7.962002e-03    7.405846e-02    0.000000e+00    7.903133e-01    
9.203172e-03        7.000000e+02        1.003098e+05        1.000000e-04        4.319747e-01        2.506380e+01        -0.000000e+00       8.995703e+05        2.720000e-08        8.288643e-01    3.281454e-05    1.508549e-01    5.642040e-05    2.019163e-02    9.089295e-02    8.077300e-02    1.212499e-01    0.000000e+00    7.070842e-01    1.160396e-01    6.496954e-03    8.715023e-02    0.000000e+00    7.903133e-01    
2.064072e-02        7.000000e+02        9.914228e+04        1.000000e-04        4.319747e-01        2.535897e+01        -0.000000e+00       8.243184e+05        2.720000e-08        8.497089e-01    3.924305e-05    1.270235e-01    6.146747e-05    2.316691e-02    8.018662e-02    5.817101e-02    1.462312e-01    0.000000e+00    7.154112e-01    1.011797e-01    4.624508e-03    1.038826e-01    0.000000e+00    7.903133e-01    
2.998133e-02        7.000000e+02        9.826298e+04        1.000000e-04        4.319747e-01        2.558589e+01        -0.000000e+00       7.651002e+05        2.720000e-08        8.680327e-01    4.439496e-05    1.035508e-01    7.005820e-05    2.830209e-02    7.195554e-02    4.079455e-02    1.654369e-01    0.000000e+00    7.218130e-01    8.998840e-02    3.214343e-03    1.164840e-01    0.000000e+00    7.903133e-01    
3.522762e-02        7.000000e+02        9.779779e+04        1.000000e-04        4.319747e-01        2.570759e+01        -0.000000e+00       7.315961e+05        2.720000e-08        8.781988e-01    4.721556e-05    8.754289e-02    7.929332e-05    3.413178e-02    6.754101e-02    3.147524e-02    1.757373e-01    0.000000e+00    7.252464e-01    8.406767e-02    2.468301e-03    1.231507e-01    0.000000e+00    7.903133e-01    
3.848984e-02        7.000000e+02        9.751929e+04        1.000000e-04        4.319746e-01        2.578101e+01        -0.000000e+00       7.092325e+05        2.720000e-08        8.835030e-01    4.888265e-05    7.582898e-02    8.878399e-05    4.053035e-02    6.487797e-02    2.585347e-02    1.819509e-01    0.000000e+00    7.273176e-01    8.052305e-02    2.021666e-03    1.271419e-01    0.000000e+00    7.903134e-01    
4.064128e-02        7.000000e+02        9.734061e+04        1.000000e-04        4.319746e-01        2.582833e+01        -0.000000e+00       6.924306e+05        2.720000e-08        8.855767e-01    4.988224e-05    6.695979e-02    9.819234e-05    4.731546e-02    6.316130e-02    2.222958e-02    1.859564e-01    0.000000e+00    7.286527e-01    7.824878e-02    1.735104e-03    1.297027e-01    0.000000e+00    7.903134e-01    
4.262610e-02        7.000000e+02        9.717993e+04        1.000000e-04        4.319746e-01        2.587103e+01        -0.000000e+00       6.732910e+05        2.720000e-08        8.849034e-01    5.063308e-05    5.758107e-02    1.110620e-04    5.735384e-02    6.161227e-02    1.895966e-02    1.895706e-01    0.000000e+00    7.298575e-01    7.620374e-02    1.477431e-03    1.320053e-01    0.000000e+00    7.903135e-01    
4.400667e-02        7.000000e+02        9.707119e+04        1.000000e-04        4.319745e-01        2.590001e+01        -0.000000e+00       6.553388e+05        2.720000e-08        8.810811e-01    5.093806e-05    5.008031e-02    1.243170e-04    6.866332e-02    6.056106e-02    1.674068e-02    1.920232e-01    0.000000e+00    7.306751e-01    7.481976e-02    1.303058e-03    1.335636e-01    0.000000e+00    7.903136e-01    
4.541981e-02        7.000000e+02        9.696359e+04        1.000000e-04        4.319744e-01        2.592875e+01        -0.000000e+00       6.276841e+05        2.720000e-08        8.703328e-01    5.081312e-05    4.117439e-02    1.448558e-04    8.829713e-02    5.951847e-02    1.454007e-02    1.944556e-01    0.000000e+00    7.314859e-01    7.345022e-02    1.130513e-03    1.351055e-01    0.000000e+00    7.903138e-01    
4.593037e-02        7.000000e+02        9.692604e+04        1.000000e-04        4.319744e-01        2.593879e+01        -0.000000e+00       6.131003e+05        2.720000e-08        8.630035e-01    5.054922e-05    3.753741e-02    1.552104e-04    9.925337e-02    5.915409e-02    1.377103e-02    1.953056e-01    0.000000e+00    7.317693e-01    7.297228e-02    1.070304e-03    1.356436e-01    0.000000e+00    7.903138e-01    
4.681341e-02        7.000000e+02        9.686365e+04        1.000000e-04        4.319743e-01        2.595549e+01        -0.000000e+00       5.762262e+05        2.720000e-08        8.413330e-01    4.952558e-05    3.053600e-02    1.793434e-04    1.279022e-01    5.854799e-02    1.249203e-02    1.967193e-01    0.000000e+00    7.322406e-01    7.217813e-02    9.702735e-04    1.365375e-01    0.000000e+00    7.903141e-01    
4.733796e-02        7.000000e+02        9.682882e+04        1.000000e-04        4.319741e-01        2.596482e+01        -0.000000e+00       5.419565e+05        2.720000e-08        8.185646e-01    4.829687e-05    2.585200e-02    1.992513e-04    1.553359e-01    5.820933e-02    1.177755e-02    1.975091e-01    0.000000e+00    7.325040e-01    7.173483e-02    9.144505e-04    1.370364e-01    0.000000e+00    7.903143e-01    
4.786505e-02        7.000000e+02        9.679644e+04        1.000000e-04        4.319740e-01        2.597349e+01        -0.000000e+00       4.905246e+05        2.720000e-08        7.812266e-01    4.616123e-05    2.069416e-02    2.253016e-04    1.978077e-01    5.789425e-02    1.111313e-02    1.982436e-01    0.000000e+00    7.327491e-01    7.132272e-02    8.625743e-04    1.375001e-01    0.000000e+00    7.903146e-01    
4.825402e-02        7.000000e+02        9.677500e+04        1.000000e-04        4.319738e-01        2.597924e+01        -0.000000e+00       4.356384e+05        2.720000e-08        7.379417e-01    4.361143e-05    1.663512e-02    2.489194e-04    2.451307e-01    5.768550e-02    1.067326e-02    1.987299e-01    0.000000e+00    7.329114e-01    7.104985e-02    8.282496e-04    1.378069e-01    0.000000e+00    7.903150e-01    
4.866393e-02        7.000000e+02        9.675560e+04        1.000000e-04        4.319734e-01        2.598443e+01        -0.000000e+00       3.577290e+05        2.720000e-08        6.704071e-01    3.957906e-05    1.231295e-02    2.761509e-04    3.169642e-01    5.749652e-02    1.027550e-02    1.991696e-01    0.000000e+00    7.330583e-01    7.080293e-02    7.972244e-04    1.380843e-01    0.000000e+00    7.903156e-01    
4.891775e-02        7.000000e+02        9.674565e+04        1.000000e-04        4.319732e-01        2.598708e+01        -0.000000e+00       3.005238e+05        2.720000e-08        6.154868e-01    3.628620e-05    9.793079e-03    2.916782e-04    3.743922e-01    5.739955e-02    1.007176e-02    1.993949e-01    0.000000e+00    7.331337e-01    7.067629e-02    7.813367e-04    1.382264e-01    0.000000e+00    7.903160e-01    
4.912129e-02        7.000000e+02        9.673894e+04        1.000000e-04        4.319730e-01        2.598887e+01        -0.000000e+00       2.528708e+05        2.720000e-08        5.653514e-01    3.328079e-05    7.971441e-03    3.015041e-04    4.263423e-01    5.733415e-02    9.934555e-03    1.995467e-01    0.000000e+00    7.331846e-01    7.059090e-02    7.706399e-04    1.383220e-01    0.000000e+00    7.903164e-01    
4.947979e-02        7.000000e+02        9.672982e+04        1.000000e-04        4.319725e-01        2.599130e+01        -0.000000e+00       1.751781e+05        2.720000e-08        4.716528e-01    2.767903e-05    5.372739e-03    3.098750e-04    5.226369e-01    5.724531e-02    9.748605e-03    1.997524e-01    0.000000e+00    7.332537e-01    7.047495e-02    7.561450e-04    1.384517e-01    0.000000e+00    7.903172e-01    
4.965436e-02        7.000000e+02        9.672650e+04        1.000000e-04        4.319724e-01        2.599218e+01        -0.000000e+00       1.436266e+05        2.720000e-08        4.275150e-01    2.505000e-05    4.410389e-03    3.094891e-04    5.677401e-01    5.721292e-02    9.680977e-03    1.998272e-01    0.000000e+00    7.332789e-01    7.043269e-02    7.508740e-04    1.384989e-01    0.000000e+00    7.903176e-01    
4.995692e-02        7.000000e+02        9.672211e+04        1.000000e-04        4.319720e-01        2.599334e+01        -0.000000e+00       1.007124e+05        2.720000e-08        3.585556e-01    2.095718e-05    3.156207e-03    3.032357e-04    6.379640e-01    5.717013e-02    9.591807e-03    1.999259e-01    0.000000e+00    7.333121e-01    7.037687e-02    7.439246e-04    1.385611e-01    0.000000e+00    7.903181e-01    
5.026997e-02        7.000000e+02        9.671894e+04        1.000000e-04        4.319718e-01        2.599418e+01        -0.000000e+00       7.017991e+04        2.720000e-08        2.996974e-01    1.747901e-05    2.283472e-03    2.920509e-04    6.977096e-01    5.713916e-02    9.527409e-03    1.999972e-01    0.000000e+00    7.333362e-01    7.033648e-02    7.389061e-04    1.386060e-01    0.000000e+00    7.903186e-01    
5.042883e-02        7.000000e+02        9.671771e+04        1.000000e-04        4.319717e-01        2.599450e+01        -0.000000e+00       5.885907e+04        2.720000e-08        2.746108e-01    1.600094e-05    1.959224e-03    2.854706e-04    7.231285e-01    5.712717e-02    9.502510e-03    2.000248e-01    0.000000e+00    7.333455e-01    7.032084e-02    7.369659e-04    1.386234e-01    0.000000e+00    7.903188e-01    
5.094428e-02        7.000000e+02        9.671488e+04        1.000000e-04        4.319714e-01        2.599524e+01        -0.000000e+00       3.482925e+04        2.720000e-08        2.115243e-01    1.229585e-05    1.256666e-03    2.633495e-04    7.869434e-01    5.709959e-02    9.445336e-03    2.000881e-01    0.000000e+00    7.333670e-01    7.028488e-02    7.325108e-04    1.386633e-01    0.000000e+00    7.903193e-01    
5.106290e-02        7.000000e+02        9.671441e+04        1.000000e-04        4.319713e-01        2.599537e+01        -0.000000e+00       3.119046e+04        2.720000e-08        2.002169e-01    1.163358e-05    1.146828e-03    2.584207e-04    7.983662e-01    5.709499e-02    9.435807e-03    2.000986e-01    0.000000e+00    7.333706e-01    7.027888e-02    7.317684e-04    1.386700e-01    0.000000e+00    7.903194e-01    
5.145180e-02        7.000000e+02        9.671317e+04        1.000000e-04        4.319712e-01        2.599569e+01        -0.000000e+00       2.229113e+04        2.720000e-08        1.693678e-01    9.829594e-06    8.709025e-04    2.431950e-04    8.295082e-01    5.708289e-02    9.410782e-03    2.001263e-01    0.000000e+00    7.333800e-01    7.026311e-02    7.298185e-04    1.386874e-01    0.000000e+00    7.903196e-01    
5.184863e-02        7.000000e+02        9.671225e+04        1.000000e-04        4.319711e-01        2.599593e+01        -0.000000e+00       1.641842e+04        2.720000e-08        1.454259e-01    8.432389e-06    6.802904e-04    2.293084e-04    8.536561e-01    5.707393e-02    9.392265e-03    2.001469e-01    0.000000e+00    7.333869e-01    7.025143e-02    7.283757e-04    1.387004e-01    0.000000e+00    7.903198e-01    
5.222335e-02        7.000000e+02        9.671159e+04        1.000000e-04        4.319710e-01        2.599611e+01        -0.000000e+00       1.266826e+04        2.720000e-08        1.277875e-01    7.404665e-06    5.529115e-04    2.176895e-04    8.714345e-01    5.706755e-02    9.379089e-03    2.001615e-01    0.000000e+00    7.333919e-01    7.024312e-02    7.273491e-04    1.387096e-01    0.000000e+00    7.903200e-01    
5.287174e-02        7.000000e+02        9.671078e+04        1.000000e-04        4.319709e-01        2.599632e+01        -0.000000e+00       8.549236e+03        2.720000e-08        1.050246e-01    6.080373e-06    4.049782e-04    2.005687e-04    8.943638e-01    5.705957e-02    9.362627e-03    2.001797e-01    0.000000e+00    7.333981e-01    7.023272e-02    7.260665e-04    1.387211e-01    0.000000e+00    7.903202e-01    
5.320790e-02        7.000000e+02        9.671046e+04        1.000000e-04        4.319709e-01        2.599640e+01        -0.000000e+00       7.133622e+03        2.720000e-08        9.595346e-02    5.553272e-06    3.512680e-04    1.929459e-04    9.034968e-01    5.705647e-02    9.356229e-03    2.001868e-01    0.000000e+00    7.334005e-01    7.022868e-02    7.255680e-04    1.387255e-01    0.000000e+00    7.903202e-01    
5.401185e-02        7.000000e+02        9.670988e+04        1.000000e-04        4.319708e-01        2.599655e+01        -0.000000e+00       4.863662e+03        2.720000e-08        7.925571e-02    4.583962e-06    2.604169e-04    1.774401e-04    9.203018e-01    5.705087e-02    9.344681e-03    2.001996e-01    0.000000e+00    7.334049e-01    7.022138e-02    7.246683e-04    1.387336e-01    0.000000e+00    7.903204e-01    
5.492724e-02        7.000000e+02        9.670943e+04        1.000000e-04        4.319708e-01        2.599667e+01        -0.000000e+00       3.361799e+03        2.720000e-08        6.590960e-02    3.810104e-06    1.955206e-04    1.633547e-04    9.337277e-01    5.704649e-02    9.335657e-03    2.002096e-01    0.000000e+00    7.334083e-01    7.021567e-02    7.239652e-04    1.387399e-01    0.000000e+00    7.903205e-01    
5.543910e-02        7.000000e+02        9.670924e+04        1.000000e-04        4.319707e-01        2.599672e+01        -0.000000e+00       2.801023e+03        2.720000e-08        6.016861e-02    3.477462e-06    1.698009e-04    1.567209e-04    9.395014e-01    5.704463e-02    9.331829e-03    2.002138e-01    0.000000e+00    7.334097e-01    7.021325e-02    7.236670e-04    1.387426e-01    0.000000e+00    7.903205e-01    
5.717075e-02        7.000000e+02        9.670879e+04        1.000000e-04        4.319707e-01        2.599684e+01        -0.000000e+00       1.659081e+03        2.720000e-08        4.631939e-02    2.675618e-06    1.134833e-04    1.388930e-04    9.534256e-01    5.704021e-02    9.322725e-03    2.002239e-01    0.000000e+00    7.334132e-01    7.020749e-02    7.229577e-04    1.387489e-01    0.000000e+00    7.903206e-01    
5.783811e-02        7.000000e+02        9.670867e+04        1.000000e-04        4.319707e-01        2.599687e+01        -0.000000e+00       1.396875e+03        2.720000e-08        4.250501e-02    2.454922e-06    9.946326e-05    1.334253e-04    9.572596e-01    5.703901e-02    9.320249e-03    2.002266e-01    0.000000e+00    7.334141e-01    7.020592e-02    7.227648e-04    1.387507e-01    0.000000e+00    7.903207e-01    
5.978212e-02        7.000000e+02        9.670840e+04        1.000000e-04        4.319706e-01        2.599694e+01        -0.000000e+00       9.052898e+02        2.720000e-08        3.422355e-02    1.975988e-06    7.139327e-05    1.204677e-04    9.655826e-01    5.703642e-02    9.314920e-03    2.002325e-01    0.000000e+00    7.334161e-01    7.020255e-02    7.223497e-04    1.387544e-01    0.000000e+00    7.903207e-01    
6.157558e-02        7.000000e+02        9.670823e+04        1.000000e-04        4.319706e-01        2.599698e+01        -0.000000e+00       6.485077e+02        2.720000e-08        2.896897e-02    1.672263e-06    5.536440e-05    1.112814e-04    9.708627e-01    5.703479e-02    9.311571e-03    2.002363e-01    0.000000e+00    7.334174e-01    7.020043e-02    7.220887e-04    1.387567e-01    0.000000e+00    7.903208e-01    
6.197363e-02        7.000000e+02        9.670820e+04        1.000000e-04        4.319706e-01        2.599699e+01        -0.000000e+00       6.062855e+02        2.720000e-08        2.801058e-02    1.616879e-06    5.259862e-05    1.095067e-04    9.718257e-01    5.703450e-02    9.310963e-03    2.002369e-01    0.000000e+00    7.334176e-01    7.020005e-02    7.220413e-04    1.387571e-01    0.000000e+00    7.903208e-01    
6.495481e-02        7.000000e+02        9.670803e+04        1.000000e-04        4.319706e-01        2.599704e+01        -0.000000e+00       3.885929e+02        2.720000e-08        2.242734e-02    1.294315e-06    3.750960e-05    9.842107e-05    9.774354e-01    5.703279e-02    9.307436e-03    2.002408e-01    0.000000e+00    7.334189e-01    7.019781e-02    7.217666e-04    1.387596e-01    0.000000e+00    7.903208e-01    
6.801018e-02        7.000000e+02        9.670791e+04        1.000000e-04        4.319706e-01        2.599707e+01        -0.000000e+00       2.673298e+02        2.720000e-08        1.860313e-02    1.073456e-06    2.824421e-05    8.991913e-05    9.812776e-01    5.703162e-02    9.305036e-03    2.002435e-01    0.000000e+00    7.334199e-01    7.019629e-02    7.215796e-04    1.387613e-01    0.000000e+00    7.903208e-01    
7.292710e-02        7.000000e+02        9.670778e+04        1.000000e-04        4.319705e-01        2.599710e+01        -0.000000e+00       1.641966e+02        2.720000e-08        1.458068e-02    8.412179e-07    1.952817e-05    7.987948e-05    9.853191e-01    5.703040e-02    9.302525e-03    2.002463e-01    0.000000e+00    7.334208e-01    7.019470e-02    7.213840e-04    1.387630e-01    0.000000e+00    7.903209e-01    
7.677628e-02        7.000000e+02        9.670772e+04        1.000000e-04        4.319705e-01        2.599712e+01        -0.000000e+00       1.199499e+02        2.720000e-08        1.246273e-02    7.189662e-07    1.540152e-05    7.398919e-05    9.874472e-01    5.702976e-02    9.301209e-03    2.002477e-01    0.000000e+00    7.334213e-01    7.019387e-02    7.212814e-04    1.387640e-01    0.000000e+00    7.903209e-01    
7.783814e-02        7.000000e+02        9.670770e+04        1.000000e-04        4.319705e-01        2.599712e+01        -0.000000e+00       1.108689e+02        2.720000e-08        1.198180e-02    6.912089e-07    1.451208e-05    7.257913e-05    9.879304e-01    5.702961e-02    9.300911e-03    2.002481e-01    0.000000e+00    7.334214e-01    7.019368e-02    7.212582e-04    1.387642e-01    0.000000e+00    7.903209e-01    
8.484183e-02        7.000000e+02        9.670763e+04        1.000000e-04        4.319705e-01        2.599714e+01        -0.000000e+00       7.038037e+01        2.720000e-08        9.546907e-03    5.506927e-07    1.029711e-05    6.493326e-05    9.903773e-01    5.702888e-02    9.299403e-03    2.002497e-01    0.000000e+00    7.334220e-01    7.019272e-02    7.211407e-04    1.387652e-01    0.000000e+00    7.903209e-01    
9.145524e-02        7.000000e+02        9.670758e+04        1.000000e-04        4.319705e-01        2.599715e+01        -0.000000e+00       4.949903e+01        2.720000e-08        8.006591e-03    4.618155e-07    7.896124e-06    5.955428e-05    9.919255e-01    5.702842e-02    9.298452e-03    2.002508e-01    0.000000e+00    7.334223e-01    7.019212e-02    7.210666e-04    1.387659e-01    0.000000e+00    7.903209e-01    
9.915701e-02        7.000000e+02        9.670754e+04        1.000000e-04        4.319705e-01        2.599716e+01        -0.000000e+00       3.505689e+01        2.720000e-08        6.738232e-03    3.886383e-07    6.088066e-06    5.470460e-05    9.932006e-01    5.702804e-02    9.297670e-03    2.002517e-01    0.000000e+00    7.334226e-01    7.019163e-02    7.210057e-04    1.387664e-01    0.000000e+00    7.903209e-01    
1.125667e-01        7.000000e+02        9.670750e+04        1.000000e-04        4.319705e-01        2.599717e+01        -0.000000e+00       2.152007e+01        2.720000e-08        5.279494e-03    3.044861e-07    4.215452e-06    4.849856e-05    9.946675e-01    5.702760e-02    9.296773e-03    2.002526e-01    0.000000e+00    7.334230e-01    7.019106e-02    7.209358e-04    1.387671e-01    0.000000e+00    7.903209e-01    
1.186567e-01        7.000000e+02        9.670748e+04        1.000000e-04        4.319705e-01        2.599718e+01        -0.000000e+00       1.783581e+01        2.720000e-08        4.806406e-03    2.771965e-07    3.659717e-06    4.629933e-05    9.951434e-01    5.702746e-02    9.296482e-03    2.002530e-01    0.000000e+00    7.334231e-01    7.019087e-02    7.209132e-04    1.387673e-01    0.000000e+00    7.903210e-01    
1.409562e-01        7.000000e+02        9.670745e+04        1.000000e-04        4.319705e-01        2.599719e+01        -0.000000e+00       1.010611e+01        2.720000e-08        3.618048e-03    2.086516e-07    2.386696e-06    4.022683e-05    9.963391e-01    5.702710e-02    9.295752e-03    2.002538e-01    0.000000e+00    7.334234e-01    7.019041e-02    7.208563e-04    1.387678e-01    0.000000e+00    7.903210e-01    
1.484158e-01        7.000000e+02        9.670744e+04        1.000000e-04        4.319705e-01        2.599719e+01        -0.000000e+00       8.620000e+00        2.720000e-08        3.341472e-03    1.926995e-07    2.117568e-06    3.867219e-05    9.966175e-01    5.702702e-02    9.295583e-03    2.002540e-01    0.000000e+00    7.334234e-01    7.019030e-02    7.208431e-04    1.387679e-01    0.000000e+00    7.903210e-01    
1.633171e-01        7.000000e+02        9.670742e+04        1.000000e-04        4.319705e-01        2.599719e+01        -0.000000e+00       6.486678e+00        2.720000e-08        2.898665e-03    1.671604e-07    1.709904e-06    3.603955e-05    9.970634e-01    5.702689e-02    9.295311e-03    2.002543e-01    0.000000e+00    7.334235e-01    7.019013e-02    7.208220e-04    1.387681e-01    0.000000e+00    7.903210e-01    
1.995653e-01        7.000000e+02        9.670740e+04        1.000000e-04        4.319705e-01        2.599720e+01        -0.000000e+00       3.708515e+00        2.720000e-08        2.191748e-03    1.263904e-07    1.123119e-06    3.136918e-05    9.977756e-01    5.702668e-02    9.294878e-03    2.002547e-01    0.000000e+00    7.334237e-01    7.018986e-02    7.207882e-04    1.387684e-01    0.000000e+00    7.903210e-01    
2.114115e-01        7.000000e+02        9.670740e+04        1.000000e-04        4.319705e-01        2.599720e+01        -0.000000e+00       3.181057e+00        2.720000e-08        2.029911e-03    1.170571e-07    1.000806e-06    3.019607e-05    9.979388e-01    5.702663e-02    9.294779e-03    2.002549e-01    0.000000e+00    7.334237e-01    7.018979e-02    7.207805e-04    1.387685e-01    0.000000e+00    7.903210e-01    
2.370956e-01        7.000000e+02        9.670739e+04        1.000000e-04        4.319705e-01        2.599720e+01        -0.000000e+00       2.363570e+00        2.720000e-08        1.749752e-03    1.009003e-07    8.005893e-07    2.804705e-05    9.982213e-01    5.702655e-02    9.294607e-03    2.002550e-01    0.000000e+00    7.334238e-01    7.018968e-02    7.207671e-04    1.387686e-01    0.000000e+00    7.903210e-01    
2.739926e-01        7.000000e+02        9.670738e+04        1.000000e-04        4.319705e-01        2.599720e+01        -0.000000e+00       1.646044e+00        2.720000e-08        1.460204e-03    8.420247e-08    6.100415e-07    2.563367e-05    9.985135e-01    5.702646e-02    9.294430e-03    2.002552e-01    0.000000e+00    7.334239e-01    7.018957e-02    7.207533e-04    1.387687e-01    0.000000e+00    7.903210e-01    
3.508043e-01        7.000000e+02        9.670737e+04        1.000000e-04        4.319705e-01        2.599721e+01        -0.000000e+00       9.105962e-01        2.720000e-08        1.086064e-03    6.262682e-08    3.910515e-07    2.212181e-05    9.988914e-01    5.702635e-02    9.294201e-03    2.002555e-01    0.000000e+00    7.334240e-01    7.018943e-02    7.207354e-04    1.387689e-01    0.000000e+00    7.903210e-01    
3.770447e-01        7.000000e+02        9.670737e+04        1.000000e-04        4.319705e-01        2.599721e+01        -0.000000e+00       7.699279e-01        2.720000e-08        9.986586e-04    5.758649e-08    3.447502e-07    2.121652e-05    9.989797e-01    5.702632e-02    9.294147e-03    2.002556e-01    0.000000e+00    7.334240e-01    7.018939e-02    7.207313e-04    1.387689e-01    0.000000e+00    7.903210e-01    
3.918712e-01        7.000000e+02        9.670736e+04        1.000000e-04        4.319705e-01        2.599721e+01        -0.000000e+00       7.044129e-01        2.720000e-08        9.552245e-04    5.508182e-08    3.224784e-07    2.075179e-05    9.990236e-01    5.702631e-02    9.294121e-03    2.002556e-01    0.000000e+00    7.334240e-01    7.018938e-02    7.207292e-04    1.387689e-01    0.000000e+00    7.903210e-01    
4.752979e-01        7.000000e+02        9.670736e+04        1.000000e-04        4.319705e-01        2.599721e+01        -0.000000e+00       4.546880e-01        2.720000e-08        7.674444e-04    4.425340e-08    2.321387e-07    1.860779e-05    9.992137e-01    5.702625e-02    9.294006e-03    2.002557e-01    0.000000e+00    7.334240e-01    7.018930e-02    7.207202e-04    1.387690e-01    0.000000e+00    7.903210e-01    
5.685901e-01        7.000000e+02        9.670735e+04        1.000000e-04        4.319705e-01        2.599721e+01        -0.000000e+00       3.056153e-01        2.720000e-08        6.291811e-04    3.628048e-08    1.722699e-07    1.685367e-05    9.993538e-01    5.702621e-02    9.293921e-03    2.002558e-01    0.000000e+00    7.334241e-01    7.018925e-02    7.207136e-04    1.387691e-01    0.000000e+00    7.903210e-01    
6.590081e-01        7.000000e+02        9.670735e+04        1.000000e-04        4.319705e-01        2.599721e+01        -0.000000e+00       2.215350e-01        2.720000e-08        5.356821e-04    3.088894e-08    1.353045e-07    1.555460e-05    9.994486e-01    5.702619e-02    9.293864e-03    2.002559e-01    0.000000e+00    7.334241e-01    7.018921e-02    7.207092e-04    1.387691e-01    0.000000e+00    7.903210e-01    
7.749532e-01        7.000000e+02        9.670735e+04        1.000000e-04        4.319705e-01        2.599721e+01        -0.000000e+00       1.563179e-01        2.720000e-08        4.499742e-04    2.594669e-08    1.041456e-07    1.425925e-05    9.995356e-01    5.702616e-02    9.293811e-03    2.002559e-01    0.000000e+00    7.334241e-01    7.018918e-02    7.207051e-04    1.387691e-01    0.000000e+00    7.903210e-01    
9.561380e-01        7.000000e+02        9.670735e+04        1.000000e-04        4.319705e-01        2.599721e+01        -0.000000e+00       1.000666e-01        2.720000e-08        3.600176e-04    2.075948e-08    7.451465e-08    1.275782e-05    9.996271e-01    5.702613e-02    9.293756e-03    2.002560e-01    0.000000e+00    7.334241e-01    7.018914e-02    7.207008e-04    1.387692e-01    0.000000e+00    7.903210e-01    
