t[s](1)             x[m](2)             y[m](3)             z[m](4)             T[K](5)             P[Pa](6)            QR[W/m3](7)         r1(8)               r4(9)               r5(10)              
0.000000e+00        0.000000e+00        0.000000e+00        0.000000e+00        1.000000e+03        1.013250e+05        -6.184911e+01       0.000000e+00        0.000000e+00        0.000000e+00        
2.449025e-05        0.000000e+00        0.000000e+00        0.000000e+00        1.000000e+03        1.013250e+05        9.340617e+02        3.825513e-06        2.411291e-12        1.722538e-10        
4.531940e-05        0.000000e+00        0.000000e+00        0.000000e+00        1.000000e+03        1.013250e+05        6.001890e+03        2.325182e-05        8.964573e-11        6.380505e-09        
6.094358e-05        0.000000e+00        0.000000e+00        0.000000e+00        1.000000e+03        1.013250e+05        2.220054e+04        8.526912e-05        1.206985e-09        8.580210e-08        
7.461675e-05        0.000000e+00        0.000000e+00        0.000000e+00        1.000000e+03        1.013250e+05        6.830135e+04        2.611426e-04        1.132421e-08        8.032930e-07        
8.438330e-05        0.000000e+00        0.000000e+00        0.000000e+00        1.000000e+03        1.013249e+05        1.526395e+05        5.805469e-04        5.596662e-08        3.955514e-06        
9.479630e-05        0.000000e+00        0.000000e+00        0.000000e+00        1.000000e+03        1.013249e+05        3.629852e+05        1.364638e-03        3.091416e-07        2.165866e-05        
1.077951e-04        0.000000e+00        0.000000e+00        0.000000e+00        1.000000e+03        1.013246e+05        1.107643e+06        4.015971e-03        2.672098e-06        1.820533e-04        
1.155943e-04        0.000000e+00        0.000000e+00        0.000000e+00        1.000000e+03        1.013242e+05        2.251914e+06        7.796865e-03        1.002463e-05        6.589053e-04        
1.227221e-04        0.000000e+00        0.000000e+00        0.000000e+00        1.000000e+03        1.013236e+05        4.523578e+06        1.459959e-02        3.469893e-05        2.157785e-03        
1.307925e-04        0.000000e+00        0.000000e+00        0.000000e+00        1.000000e+03        1.013221e+05        1.087433e+07        3.099265e-02        1.494418e-04        8.410575e-03        
1.380558e-04        0.000000e+00        0.000000e+00        0.000000e+00        1.000000e+03        1.013193e+05        2.654607e+07        6.494614e-02        5.827144e-04        2.893314e-02        
1.420910e-04        0.000000e+00        0.000000e+00        0.000000e+00        1.000000e+03        1.013165e+05        4.540925e+07        1.013795e-01        1.240566e-03        5.706697e-02        
1.475478e-04        0.000000e+00        0.000000e+00        0.000000e+00        1.000000e+03        1.013100e+05        9.618492e+07        1.929757e-01        3.270887e-03        1.375436e-01        
1.543202e-04        0.000000e+00        0.000000e+00        0.000000e+00        1.000000e+03        1.012925e+05        2.397960e+08        4.488428e-01        9.168112e-03        3.647542e-01        
1.584266e-04        0.000000e+00        0.000000e+00        0.000000e+00        1.000000e+03        1.012717e+05        4.085549e+08        7.516254e-01        1.583232e-02        6.246585e-01        
1.625331e-04        0.000000e+00        0.000000e+00        0.000000e+00        1.000000e+03        1.012365e+05        6.906455e+08        1.247227e+00        2.684295e-02        1.054511e+00        
1.641756e-04        0.000000e+00        0.000000e+00        0.000000e+00        1.000000e+03        1.012164e+05        8.505269e+08        1.520762e+00        3.307643e-02        1.296871e+00        
1.656129e-04        0.000000e+00        0.000000e+00        0.000000e+00        1.000000e+03        1.011950e+05        1.019447e+09        1.804001e+00        3.966195e-02        1.552048e+00        
1.684787e-04        0.000000e+00        0.000000e+00        0.000000e+00        1.000000e+03        1.011389e+05        1.457474e+09        2.511727e+00        5.673738e-02        2.209602e+00        
1.725636e-04        0.000000e+00        0.000000e+00        0.000000e+00        1.000000e+03        1.010150e+05        2.394825e+09        3.903806e+00        9.327472e-02        3.596717e+00        
1.735849e-04        0.000000e+00        0.000000e+00        0.000000e+00        1.000000e+03        1.009732e+05        2.702323e+09        4.326251e+00        1.052623e-01        4.046001e+00        
1.756273e-04        0.000000e+00        0.000000e+00        0.000000e+00        1.000000e+03        1.008728e+05        3.421868e+09        5.252974e+00        1.333133e-01        5.085990e+00        
1.792780e-04        0.000000e+00        0.000000e+00        0.000000e+00        1.000000e+03        1.006236e+05        5.090658e+09        7.093681e+00        1.984221e-01        7.438297e+00        
1.815485e-04        0.000000e+00        0.000000e+00        0.000000e+00        1.000000e+03        1.004120e+05        6.375533e+09        8.241911e+00        2.486739e-01        9.192922e+00        
1.838190e-04        0.000000e+00        0.000000e+00        0.000000e+00        1.000000e+03        1.001487e+05        7.807170e+09        9.264222e+00        3.049321e-01        1.108887e+01        
1.874805e-04        0.000000e+00        0.000000e+00        0.000000e+00        1.000000e+03        9.960482e+04        1.019642e+10        1.036495e+01        4.002492e-01        1.410255e+01        
1.916910e-04        0.000000e+00        0.000000e+00        0.000000e+00        1.000000e+03        9.880747e+04        1.243971e+10        1.050386e+01        4.946185e-01        1.669883e+01        
1.933752e-04        0.000000e+00        0.000000e+00        0.000000e+00        1.000000e+03        9.844881e+04        1.301681e+10        1.023951e+01        5.216791e-01        1.729026e+01        
1.952699e-04        0.000000e+00        0.000000e+00        0.000000e+00        1.000000e+03        9.802889e+04        1.339676e+10        9.780158e+00        5.428265e-01        1.761179e+01        
1.994092e-04        0.000000e+00        0.000000e+00        0.000000e+00        1.000000e+03        9.709379e+04        1.328280e+10        8.440117e+00        5.550000e-01        1.717867e+01        
2.046659e-04        0.000000e+00        0.000000e+00        0.000000e+00        1.000000e+03        9.597170e+04        1.185938e+10        6.652223e+00        5.199544e-01        1.519585e+01        
2.105605e-04        0.000000e+00        0.000000e+00        0.000000e+00        1.000000e+03        9.489579e+04        9.721206e+09        5.016112e+00        4.514028e-01        1.245759e+01        
2.190066e-04        0.000000e+00        0.000000e+00        0.000000e+00        1.000000e+03        9.370706e+04        7.051965e+09        3.436955e+00        3.533430e-01        9.120214e+00        
2.274528e-04        0.000000e+00        0.000000e+00        0.000000e+00        1.000000e+03        9.284178e+04        5.185843e+09        2.473943e+00        2.768746e-01        6.787652e+00        
2.320982e-04        0.000000e+00        0.000000e+00        0.000000e+00        1.000000e+03        9.246496e+04        4.437845e+09        2.107045e+00        2.441027e-01        5.846707e+00        
2.337874e-04        0.000000e+00        0.000000e+00        0.000000e+00        1.000000e+03        9.234164e+04        4.203998e+09        1.994005e+00        2.335653e-01        5.551297e+00        
2.349739e-04        0.000000e+00        0.000000e+00        0.000000e+00        1.000000e+03        9.225889e+04        4.050496e+09        1.920132e+00        2.265861e-01        5.357561e+00        
2.366330e-04        0.000000e+00        0.000000e+00        0.000000e+00        1.000000e+03        9.214819e+04        3.849237e+09        1.823745e+00        2.173103e-01        5.102395e+00        
2.405043e-04        0.000000e+00        0.000000e+00        0.000000e+00        1.000000e+03        9.191033e+04        3.433971e+09        1.626143e+00        1.977951e-01        4.574128e+00        
2.493530e-04        0.000000e+00        0.000000e+00        0.000000e+00        1.000000e+03        9.145478e+04        2.708111e+09        1.283956e+00        1.622957e-01        3.643356e+00        
2.604139e-04        0.000000e+00        0.000000e+00        0.000000e+00        1.000000e+03        9.101065e+04        2.092833e+09        9.957101e-01        1.305661e-01        2.845053e+00        
2.738870e-04        0.000000e+00        0.000000e+00        0.000000e+00        1.000000e+03        9.059503e+04        1.601435e+09        7.656162e-01        1.038711e-01        2.199409e+00        
2.885245e-04        0.000000e+00        0.000000e+00        0.000000e+00        1.000000e+03        9.024618e+04        1.251089e+09        6.010269e-01        8.392007e-02        1.733486e+00        
3.049089e-04        0.000000e+00        0.000000e+00        0.000000e+00        1.000000e+03        8.993957e+04        9.881345e+08        4.768729e-01        6.832202e-02        1.379886e+00        
3.128913e-04        0.000000e+00        0.000000e+00        0.000000e+00        1.000000e+03        8.981345e+04        8.916369e+08        4.311489e-01        6.243038e-02        1.249042e+00        
3.163837e-04        0.000000e+00        0.000000e+00        0.000000e+00        1.000000e+03        8.976214e+04        8.542776e+08        4.134099e-01        6.012652e-02        1.198324e+00        
3.197235e-04        0.000000e+00        0.000000e+00        0.000000e+00        1.000000e+03        8.971506e+04        8.209536e+08        3.975658e-01        5.806076e-02        1.153062e+00        
3.252071e-04        0.000000e+00        0.000000e+00        0.000000e+00        1.000000e+03        8.964164e+04        7.707200e+08        3.736632e-01        5.491577e-02        1.084445e+00        
3.384138e-04        0.000000e+00        0.000000e+00        0.000000e+00        1.000000e+03        8.948207e+04        6.688541e+08        3.250600e-01        4.844922e-02        9.449005e-01        
3.614747e-04        0.000000e+00        0.000000e+00        0.000000e+00        1.000000e+03        8.924961e+04        5.375489e+08        2.621352e-01        3.990398e-02        7.638074e-01        
3.900043e-04        0.000000e+00        0.000000e+00        0.000000e+00        1.000000e+03        8.902008e+04        4.264630e+08        2.086232e-01        3.245604e-02        6.093541e-01        
4.236135e-04        0.000000e+00        0.000000e+00        0.000000e+00        1.000000e+03        8.880575e+04        3.380534e+08        1.658259e-01        2.635446e-02        4.854799e-01        
4.648545e-04        0.000000e+00        0.000000e+00        0.000000e+00        1.000000e+03        8.859834e+04        2.653777e+08        1.304890e-01        2.119755e-02        3.829199e-01        
5.130258e-04        0.000000e+00        0.000000e+00        0.000000e+00        1.000000e+03        8.840800e+04        2.088359e+08        1.028903e-01        1.707675e-02        3.025971e-01        
5.658173e-04        0.000000e+00        0.000000e+00        0.000000e+00        1.000000e+03        8.824259e+04        1.668819e+08        8.234660e-02        1.394397e-02        2.426673e-01        
6.001318e-04        0.000000e+00        0.000000e+00        0.000000e+00        1.000000e+03        8.815247e+04        1.466154e+08        7.240485e-02        1.240192e-02        2.135810e-01        
6.139884e-04        0.000000e+00        0.000000e+00        0.000000e+00        1.000000e+03        8.811918e+04        1.395612e+08        6.894445e-02        1.185894e-02        2.034029e-01        
6.329440e-04        0.000000e+00        0.000000e+00        0.000000e+00        1.000000e+03        8.807617e+04        1.308028e+08        6.463812e-02        1.118412e-02        1.908125e-01        
6.697266e-04        0.000000e+00        0.000000e+00        0.000000e+00        1.000000e+03        8.800000e+04        1.161949e+08        5.745400e-02        1.004723e-02        1.697512e-01        
7.477090e-04        0.000000e+00        0.000000e+00        0.000000e+00        1.000000e+03        8.786407e+04        9.288477e+07        4.597584e-02        8.203751e-03        1.360390e-01        
8.503676e-04        0.000000e+00        0.000000e+00        0.000000e+00        1.000000e+03        8.772307e+04        7.217586e+07        3.576285e-02        6.529915e-03        1.059696e-01        
9.737486e-04        0.000000e+00        0.000000e+00        0.000000e+00        1.000000e+03        8.759175e+04        5.580534e+07        2.767912e-02        5.175969e-03        8.211062e-02        
1.125060e-03        0.000000e+00        0.000000e+00        0.000000e+00        1.000000e+03        8.746786e+04        4.272233e+07        2.121194e-02        4.068474e-03        6.297909e-02        
1.307059e-03        0.000000e+00        0.000000e+00        0.000000e+00        1.000000e+03        8.735404e+04        3.256178e+07        1.618480e-02        3.187670e-03        4.807771e-02        
1.528729e-03        0.000000e+00        0.000000e+00        0.000000e+00        1.000000e+03        8.724880e+04        2.462829e+07        1.225642e-02        2.482861e-03        3.641377e-02        
1.728231e-03        0.000000e+00        0.000000e+00        0.000000e+00        1.000000e+03        8.717486e+04        1.983659e+07        9.882543e-03        2.047274e-03        2.935575e-02        
1.794732e-03        0.000000e+00        0.000000e+00        0.000000e+00        1.000000e+03        8.715345e+04        1.856450e+07        9.251183e-03        1.930321e-03        2.747650e-02        
1.853099e-03        0.000000e+00        0.000000e+00        0.000000e+00        1.000000e+03        8.713578e+04        1.755036e+07        8.749276e-03        1.836046e-03        2.597814e-02        
1.951325e-03        0.000000e+00        0.000000e+00        0.000000e+00        1.000000e+03        8.710814e+04        1.603354e+07        7.997096e-03        1.694567e-03        2.373902e-02        
2.175843e-03        0.000000e+00        0.000000e+00        0.000000e+00        1.000000e+03        8.705322e+04        1.325697e+07        6.619638e-03        1.432153e-03        1.963700e-02        
2.536471e-03        0.000000e+00        0.000000e+00        0.000000e+00        1.000000e+03        8.698308e+04        1.015263e+07        5.078403e-03        1.132197e-03        1.504554e-02        
3.011268e-03        0.000000e+00        0.000000e+00        0.000000e+00        1.000000e+03        8.691346e+04        7.536632e+06        3.778186e-03        8.720987e-04        1.117190e-02        
3.593133e-03        0.000000e+00        0.000000e+00        0.000000e+00        1.000000e+03        8.685041e+04        5.545779e+06        2.787283e-03        6.676790e-04        8.221203e-03        
4.300790e-03        0.000000e+00        0.000000e+00        0.000000e+00        1.000000e+03        8.679415e+04        4.057116e+06        2.045059e-03        5.094083e-04        6.013329e-03        
5.171786e-03        0.000000e+00        0.000000e+00        0.000000e+00        1.000000e+03        8.674372e+04        2.941982e+06        1.487931e-03        3.862821e-04        4.358290e-03        
5.785180e-03        0.000000e+00        0.000000e+00        0.000000e+00        1.000000e+03        8.671630e+04        2.419067e+06        1.226165e-03        3.266301e-04        3.582758e-03        
5.944185e-03        0.000000e+00        0.000000e+00        0.000000e+00        1.000000e+03        8.671003e+04        2.307717e+06        1.170351e-03        3.137210e-04        3.417336e-03        
6.391467e-03        0.000000e+00        0.000000e+00        0.000000e+00        1.000000e+03        8.669380e+04        2.032463e+06        1.032313e-03        2.814462e-04        3.008863e-03        
7.435125e-03        0.000000e+00        0.000000e+00        0.000000e+00        1.000000e+03        8.666265e+04        1.558539e+06        7.942180e-04        2.244247e-04        2.305609e-03        
8.990601e-03        0.000000e+00        0.000000e+00        0.000000e+00        1.000000e+03        8.662827e+04        1.115710e+06        5.710730e-04        1.688981e-04        1.648663e-03        
